Listening to port 4567
Connected!!!
EKF: Initialize
42["estimate_marker",{"estimate_x":0.312242686748505,"estimate_y":0.580339789390564,"rmse_vx":2.59996843338013,"rmse_vy":0.0,"rmse_x":0.143878668546677,"rmse_y":0.00983011722564697}]
EKF: Prediction
EKF: Update
x_ = 0.779913
0.722413
 6.65259
 1.97674
P_ =   0.0188397   0.0342893  0.00441315 -0.00217458
  0.0342893   0.0641216 -0.00217458  0.00154144
 0.00441315 -0.00217458     221.662    -119.214
-0.00217458  0.00154144    -119.214     64.2309
42["estimate_marker",{"estimate_x":0.779912786596433,"estimate_y":0.722413443529954,"rmse_vx":2.6995414320461,"rmse_vy":0.987472776899642,"rmse_x":0.149346688578821,"rmse_y":0.0619689110800523}]
EKF: Prediction
EKF: Update
x_ =    1.19545
  0.535063
   10.3167
-0.0105176
P_ =   0.0208892 -0.00171888    0.338288   -0.181386
-0.00171888   0.0186193   -0.181386   0.0987523
   0.338288   -0.181386     6.90495    -3.65473
  -0.181386   0.0987523    -3.65473     2.07857
42["estimate_marker",{"estimate_x":1.19544683796947,"estimate_y":0.53506252916236,"rmse_vx":3.71942837505021,"rmse_vy":0.987504808970848,"rmse_x":0.154039255415031,"rmse_y":0.0700119294850212}]
EKF: Prediction
EKF: Update
x_ =  1.03211
0.563929
 4.61321
  2.6006
P_ =  0.00541299  0.00283651   0.0212963  -0.0229234
 0.00283651  0.00355763  0.00694422 -0.00320269
  0.0212963  0.00694422    0.130431   -0.102783
 -0.0229234 -0.00320269   -0.102783    0.225232
42["estimate_marker",{"estimate_x":1.03211454070282,"estimate_y":0.563929332103226,"rmse_vx":3.73094207027625,"rmse_vy":1.62848307908727,"rmse_x":0.232328103691545,"rmse_y":0.0723766736051092}]
EKF: Prediction
EKF: Update
x_ =  1.35877
0.703667
   4.975
 2.20633
P_ =  0.00577125  0.00113197     0.02101  -0.0212983
 0.00113197  0.00318497 0.000121765  0.00881281
    0.02101 0.000121765    0.126421  -0.0766251
 -0.0212983  0.00881281  -0.0766251    0.217791
42["estimate_marker",{"estimate_x":1.3587738751657,"estimate_y":0.703666565586895,"rmse_vx":3.73261364276937,"rmse_vy":1.96193764840241,"rmse_x":0.271541686781517,"rmse_y":0.0886323277168297}]
EKF: Prediction
EKF: Update
x_ =  1.71966
0.648446
 5.39616
 1.08095
P_ =  0.00523605  0.00123826   0.0132634  -0.0139313
 0.00123826  0.00229601 0.000904525   0.0045424
  0.0132634 0.000904525   0.0684749  -0.0399566
 -0.0139313   0.0045424  -0.0399566    0.126651
42["estimate_marker",{"estimate_x":1.71965676886598,"estimate_y":0.648446344026003,"rmse_vx":3.73393295642828,"rmse_vy":2.03148672793817,"rmse_x":0.286094129438145,"rmse_y":0.0915650198674409}]
EKF: Prediction
EKF: Update
x_ =  2.03462
0.698956
 5.51682
0.946256
P_ =  0.00518542 0.000329645   0.0132903  -0.0124257
0.000329645   0.0027036 -0.00121466   0.0102965
  0.0132903 -0.00121466   0.0807268  -0.0299302
 -0.0124257   0.0102965  -0.0299302     0.13512
42["estimate_marker",{"estimate_x":2.03462227665695,"estimate_y":0.698955531497391,"rmse_vx":3.7373603783473,"rmse_vy":2.08166033312239,"rmse_x":0.292850146659643,"rmse_y":0.103122419215301}]
EKF: Prediction
EKF: Update
x_ =  2.27665
0.698632
 5.29901
0.729449
P_ =   0.00492758  0.000332902   0.00904869  -0.00963267
 0.000332902   0.00240124 -0.000826305   0.00887252
  0.00904869 -0.000826305     0.051696    -0.021414
 -0.00963267   0.00887252    -0.021414     0.110407
42["estimate_marker",{"estimate_x":2.27665146592754,"estimate_y":0.698632203232738,"rmse_vx":3.73771716508838,"rmse_vy":2.10918021845232,"rmse_x":0.301439026302339,"rmse_y":0.112987963844696}]
EKF: Prediction
EKF: Update
x_ =  2.56596
0.724785
 5.35238
0.647881
P_ =    0.0047203 -0.000166067   0.00962338  -0.00834752
-0.000166067   0.00308596  -0.00154681    0.0128252
  0.00962338  -0.00154681    0.0688493    -0.015808
 -0.00834752    0.0128252    -0.015808     0.120412
42["estimate_marker",{"estimate_x":2.56595591199942,"estimate_y":0.724785038888011,"rmse_vx":3.73855059618271,"rmse_vy":2.12924999025749,"rmse_x":0.306722200626894,"rmse_y":0.126920778671162}]
EKF: Prediction
EKF: Update
x_ =   2.8481
0.709108
 5.33672
0.419564
P_ =    0.0045703 -6.37225e-05   0.00697503  -0.00653242
-6.37225e-05   0.00293112  -0.00126807    0.0114909
  0.00697503  -0.00126807    0.0474781   -0.0149782
 -0.00653242    0.0114909   -0.0149782      0.10617
42["estimate_marker",{"estimate_x":2.84810073075706,"estimate_y":0.709107562487827,"rmse_vx":3.73924025780111,"rmse_vy":2.13598175554249,"rmse_x":0.310074401538354,"rmse_y":0.135751072779678}]
EKF: Prediction
EKF: Update
x_ =  3.09645
0.716524
 5.30674
0.385493
P_ =   0.00434936 -0.000331927   0.00796575  -0.00561769
-0.000331927   0.00364599  -0.00154393    0.0144411
  0.00796575  -0.00154393    0.0663307   -0.0112091
 -0.00561769    0.0144411   -0.0112091     0.115708
42["estimate_marker",{"estimate_x":3.09645407218307,"estimate_y":0.716524393372449,"rmse_vx":3.73968438593393,"rmse_vy":2.14079502832817,"rmse_x":0.314259729417123,"rmse_y":0.144538511744185}]
EKF: Prediction
EKF: Update
x_ =    3.39229
  0.644275
   5.33376
0.00783764
P_ =   0.00429067 -0.000227192   0.00598564  -0.00457992
-0.000227192   0.00357784  -0.00137116    0.0134901
  0.00598564  -0.00137116     0.046183   -0.0124122
 -0.00457992    0.0134901   -0.0124122     0.108237
42["estimate_marker",{"estimate_x":3.39229259867965,"estimate_y":0.644274552363522,"rmse_vx":3.74037868173614,"rmse_vy":2.14150582561112,"rmse_x":0.315985550453077,"rmse_y":0.144941033729758}]
EKF: Prediction
EKF: Update
x_ =  3.70716
0.578325
 5.43076
-0.26584
P_ =     0.004096 -0.000369107   0.00721219  -0.00393449
-0.000369107   0.00422401  -0.00147255     0.015725
  0.00721219  -0.00147255    0.0657135  -0.00947137
 -0.00393449     0.015725  -0.00947137     0.116224
42["estimate_marker",{"estimate_x":3.70716145167259,"estimate_y":0.578325106095349,"rmse_vx":3.74235513450286,"rmse_vy":2.15107827761905,"rmse_x":0.316029664855597,"rmse_y":0.147150262762139}]
EKF: Prediction
EKF: Update
x_ =   3.98896
 0.594126
  5.47848
-0.161551
P_ =   0.00409028 -0.000287303   0.00542502  -0.00327114
-0.000287303   0.00429084  -0.00102126    0.0154612
  0.00542502  -0.00102126    0.0449523  -0.00877996
 -0.00327114    0.0154612  -0.00877996      0.11414
42["estimate_marker",{"estimate_x":3.98895786884848,"estimate_y":0.594126218954639,"rmse_vx":3.74522716676922,"rmse_vy":2.15718017219755,"rmse_x":0.316085444224087,"rmse_y":0.148681215729808}]
EKF: Prediction
EKF: Update
x_ =   4.27109
 0.583745
  5.49282
-0.172863
P_ =   0.00392178 -0.000339869   0.00677768  -0.00273521
-0.000339869   0.00481522  -0.00102335    0.0170241
  0.00677768  -0.00102335    0.0649052  -0.00667399
 -0.00273521    0.0170241  -0.00667399     0.119747
42["estimate_marker",{"estimate_x":4.27109383424569,"estimate_y":0.58374495504238,"rmse_vx":3.74843858156828,"rmse_vy":2.16469678393703,"rmse_x":0.316563231359972,"rmse_y":0.151848488768164}]
EKF: Prediction
EKF: Update
x_ =     4.5282
  0.601625
   5.34028
-0.0921347
P_ =   0.00395143 -0.000291796   0.00521593  -0.00245396
-0.000291796    0.0050136  -0.00095333    0.0172493
  0.00521593  -0.00095333    0.0447019  -0.00793729
 -0.00245396    0.0172493  -0.00793729     0.120034
42["estimate_marker",{"estimate_x":4.52819564587665,"estimate_y":0.601625024298821,"rmse_vx":3.74929930426135,"rmse_vy":2.17011019542998,"rmse_x":0.31698703131409,"rmse_y":0.154219099465969}]
EKF: Prediction
EKF: Update
x_ =  4.71591
0.675072
 5.19702
0.191231
P_ =   0.00381297 -0.000304785   0.00663722  -0.00204513
-0.000304785    0.0053646 -0.000919721    0.0180971
  0.00663722 -0.000919721    0.0647828  -0.00612292
 -0.00204513    0.0180971  -0.00612292     0.123121
42["estimate_marker",{"estimate_x":4.71591176150798,"estimate_y":0.675071717289934,"rmse_vx":3.74931356845939,"rmse_vy":2.17026210457678,"rmse_x":0.317569857657909,"rmse_y":0.154272940994396}]
EKF: Prediction
EKF: Update
x_ =  4.96798
0.671294
 5.04539
0.130769
P_ =   0.00386489 -0.000297417   0.00519569  -0.00211042
-0.000297417   0.00562948  -0.00127878    0.0185632
  0.00519569  -0.00127878    0.0449853  -0.00943107
 -0.00211042    0.0185632  -0.00943107      0.12442
42["estimate_marker",{"estimate_x":4.96797676870394,"estimate_y":0.671293999152602,"rmse_vx":3.74985392439284,"rmse_vy":2.17142120237714,"rmse_x":0.31837223852963,"rmse_y":0.154331613704508}]
EKF: Prediction
EKF: Update
x_ =   5.27045
 0.666184
  5.13521
0.0820324
P_ =   0.00375212 -0.000303356   0.00664853  -0.00180967
-0.000303356   0.00579318  -0.00119171    0.0187857
  0.00664853  -0.00119171    0.0650265  -0.00732564
 -0.00180967    0.0187857  -0.00732564      0.12555
42["estimate_marker",{"estimate_x":5.27045475968522,"estimate_y":0.666184202661272,"rmse_vx":3.74989123993333,"rmse_vy":2.17426616107056,"rmse_x":0.318372893309334,"rmse_y":0.154967574483293}]
EKF: Prediction
EKF: Update
x_ =   5.53204
  0.67154
  5.27133
0.0994464
P_ =   0.00381182 -0.000313922   0.00518239   -0.0019517
-0.000313922   0.00621431  -0.00138455    0.0198658
  0.00518239  -0.00138455     0.044919  -0.00945112
  -0.0019517    0.0198658  -0.00945112     0.129279
42["estimate_marker",{"estimate_x":5.53204270548749,"estimate_y":0.671539826381341,"rmse_vx":3.75027366829383,"rmse_vy":2.17753174823917,"rmse_x":0.318374332690872,"rmse_y":0.156174409568472}]
EKF: Prediction
EKF: Update
x_ =  5.83254
0.682266
 5.33644
0.110531
P_ =   0.00371397 -0.000305268   0.00664663  -0.00165923
-0.000305268   0.00618447  -0.00123824    0.0194676
  0.00664663  -0.00123824    0.0649563  -0.00725503
 -0.00165923    0.0194676  -0.00725503     0.128333
42["estimate_marker",{"estimate_x":5.83254356102302,"estimate_y":0.682265692145617,"rmse_vx":3.75131922837559,"rmse_vy":2.18148271166081,"rmse_x":0.319142683302374,"rmse_y":0.157844827154779}]
EKF: Prediction
EKF: Update
x_ =   6.07232
 0.624862
  5.13026
-0.097992
P_ =   0.00377975 -0.000337588   0.00518097  -0.00188916
-0.000337588   0.00677156  -0.00145997    0.0211207
  0.00518097  -0.00145997    0.0448444  -0.00939993
 -0.00188916    0.0211207  -0.00939993      0.13392
42["estimate_marker",{"estimate_x":6.07231870316398,"estimate_y":0.624862432005171,"rmse_vx":3.75133790409279,"rmse_vy":2.19620766379046,"rmse_x":0.319410258293732,"rmse_y":0.16936343155676}]
EKF: Prediction
EKF: Update
x_ =  6.32649
 0.71538
 5.11591
0.194783
P_ =   0.00369094 -0.000313289   0.00664883  -0.00157701
-0.000313289    0.0065411   -0.0012577     0.020096
  0.00664883   -0.0012577    0.0648767  -0.00711645
 -0.00157701     0.020096  -0.00711645     0.130907
42["estimate_marker",{"estimate_x":6.3264923495469,"estimate_y":0.715380266442229,"rmse_vx":3.75137227781215,"rmse_vy":2.19986074728263,"rmse_x":0.319611823818994,"rmse_y":0.171480333339271}]
EKF: Prediction
EKF: Update
x_ =  6.57681
0.744203
 5.06476
0.249697
P_ =   0.00376175 -0.000367474   0.00519333  -0.00189587
-0.000367474   0.00725234  -0.00158627    0.0221526
  0.00519333  -0.00158627    0.0448513  -0.00967751
 -0.00189587    0.0221526  -0.00967751     0.137668
42["estimate_marker",{"estimate_x":6.57681373871998,"estimate_y":0.74420343729229,"rmse_vx":3.75156885535169,"rmse_vy":2.20309343975333,"rmse_x":0.319708321465544,"rmse_y":0.173173914654463}]
EKF: Prediction
EKF: Update
x_ =  6.82284
0.744436
 5.05309
0.214011
P_ =   0.00367846 -0.000329419   0.00666045  -0.00155734
-0.000329419   0.00683339  -0.00132432    0.0205744
  0.00666045  -0.00132432    0.0648617  -0.00723092
 -0.00155734    0.0205744  -0.00723092     0.132938
42["estimate_marker",{"estimate_x":6.82284384447695,"estimate_y":0.744435943069239,"rmse_vx":3.75178979784957,"rmse_vy":2.20875107416436,"rmse_x":0.319717190997509,"rmse_y":0.177035840897609}]
EKF: Prediction
EKF: Update
x_ =  7.06415
0.730171
  4.8782
 0.12461
P_ =   0.00375186 -0.000398158   0.00520277  -0.00192373
-0.000398158   0.00767527   -0.0016766    0.0230537
  0.00520277   -0.0016766    0.0448417  -0.00983252
 -0.00192373    0.0230537  -0.00983252     0.140938
42["estimate_marker",{"estimate_x":7.0641480675581,"estimate_y":0.730171485801683,"rmse_vx":3.75384915105423,"rmse_vy":2.22011372898288,"rmse_x":0.319760644264119,"rmse_y":0.186202486603321}]
EKF: Prediction
EKF: Update
x_ =  7.27681
0.808519
 4.81423
0.342227
P_ =   0.00367137 -0.000345513   0.00666748  -0.00155037
-0.000345513   0.00708131  -0.00136287    0.0209755
  0.00666748  -0.00136287    0.0648376  -0.00725945
 -0.00155037    0.0209755  -0.00725945     0.134686
42["estimate_marker",{"estimate_x":7.2768123357201,"estimate_y":0.808519255603872,"rmse_vx":3.75693073215953,"rmse_vy":2.22439535705234,"rmse_x":0.320902354388123,"rmse_y":0.189179031764099}]
EKF: Prediction
EKF: Update
x_ =  7.57715
0.822484
 5.15903
0.350038
P_ =   0.00374902 -0.000437962   0.00522707  -0.00201079
-0.000437962   0.00803311  -0.00185871    0.0237915
  0.00522707  -0.00185871    0.0449406    -0.010475
 -0.00201079    0.0237915    -0.010475     0.143569
42["estimate_marker",{"estimate_x":7.57715294209923,"estimate_y":0.822484220129337,"rmse_vx":3.75701250800186,"rmse_vy":2.22994642595856,"rmse_x":0.32093773913293,"rmse_y":0.193890375051813}]
EKF: Prediction
EKF: Update
x_ =  7.83225
0.801356
 5.15813
0.237829
P_ =    0.0036699 -0.000372031   0.00668639  -0.00159976
-0.000372031   0.00728321  -0.00147837    0.0212835
  0.00668639  -0.00147837    0.0648958  -0.00764992
 -0.00159976    0.0212835  -0.00764992     0.136061
42["estimate_marker",{"estimate_x":7.83224719286525,"estimate_y":0.801356212872452,"rmse_vx":3.75712624328204,"rmse_vy":2.24253915130954,"rmse_x":0.320974743831685,"rmse_y":0.206229584998277}]
EKF: Prediction
EKF: Update
x_ =  8.08009
0.818376
 4.97765
0.238273
P_ =   0.00374611 -0.000463415   0.00521996  -0.00202067
-0.000463415   0.00838381  -0.00182956    0.0245707
  0.00521996  -0.00182956     0.044832   -0.0100938
 -0.00202067    0.0245707   -0.0100938     0.146363
42["estimate_marker",{"estimate_x":8.0800881353565,"estimate_y":0.818375897085799,"rmse_vx":3.75753930333253,"rmse_vy":2.25777149141947,"rmse_x":0.321083488415822,"rmse_y":0.221271976704702}]
EKF: Prediction
EKF: Update
x_ =   8.3156
0.834994
 4.95297
0.253549
P_ =   0.00366664 -0.000380434   0.00667698  -0.00156513
-0.000380434   0.00747935  -0.00142264    0.0216213
  0.00667698  -0.00142264    0.0648033  -0.00729255
 -0.00156513    0.0216213  -0.00729255     0.137504
42["estimate_marker",{"estimate_x":8.31559910272239,"estimate_y":0.834994210610395,"rmse_vx":3.75805644880828,"rmse_vy":2.27502408221144,"rmse_x":0.321572551966787,"rmse_y":0.239472471247197}]
EKF: Prediction
EKF: Update
x_ =  8.58966
 0.92518
 5.23507
0.498549
P_ =  0.00374435 -0.00048356   0.0052181 -0.00202659
-0.00048356  0.00868866 -0.00185099   0.0252231
  0.0052181 -0.00185099   0.0448011  -0.0100548
-0.00202659   0.0252231  -0.0100548    0.148611
42["estimate_marker",{"estimate_x":8.58965528754115,"estimate_y":0.925179877040376,"rmse_vx":3.75901422843644,"rmse_vy":2.28239953204065,"rmse_x":0.321660780649205,"rmse_y":0.248794157571243}]
EKF: Prediction
EKF: Update
x_ =  8.83257
0.985378
 5.19765
0.601561
P_ =  0.00366472 -0.00038811  0.00667368 -0.00154441
-0.00038811  0.00764446 -0.00141569   0.0218872
 0.00667368 -0.00141569    0.064774 -0.00721462
-0.00154441   0.0218872 -0.00721462    0.138626
42["estimate_marker",{"estimate_x":8.83256522586845,"estimate_y":0.985378162032841,"rmse_vx":3.75971808991584,"rmse_vy":2.28791287210876,"rmse_x":0.321907224647661,"rmse_y":0.255851264770316}]
EKF: Prediction
EKF: Update
x_ =  9.12498
 1.02382
  5.2447
0.620209
P_ =   0.00375005 -0.000533851   0.00526252  -0.00218837
-0.000533851   0.00896512  -0.00217185    0.0257856
  0.00526252  -0.00217185    0.0450618   -0.0114315
 -0.00218837    0.0257856   -0.0114315      0.15037
42["estimate_marker",{"estimate_x":9.12498425929151,"estimate_y":1.02381911044886,"rmse_vx":3.76113852978911,"rmse_vy":2.29475065227713,"rmse_x":0.321993231328211,"rmse_y":0.263766392360295}]
EKF: Prediction
EKF: Update
x_ =  9.36589
 1.05535
 5.20593
0.624352
P_ =   0.00367003 -0.000426782   0.00670843  -0.00166738
-0.000426782   0.00778815  -0.00164059    0.0220917
  0.00670843  -0.00164059    0.0649533   -0.0081392
 -0.00166738    0.0220917   -0.0081392     0.139414
42["estimate_marker",{"estimate_x":9.36588922895075,"estimate_y":1.05534938480006,"rmse_vx":3.76225292240128,"rmse_vy":2.30373271469147,"rmse_x":0.321999988241083,"rmse_y":0.273799409726744}]
EKF: Prediction
EKF: Update
x_ =  9.64723
 1.12928
 5.25582
0.745225
P_ =   0.00375712 -0.000585614   0.00529327   -0.0023384
-0.000585614   0.00921596   -0.0023597    0.0263058
  0.00529327   -0.0023597     0.045187   -0.0121033
  -0.0023384    0.0263058   -0.0121033      0.15205
42["estimate_marker",{"estimate_x":9.64722884785814,"estimate_y":1.12928457328124,"rmse_vx":3.76431651600759,"rmse_vy":2.31012615569225,"rmse_x":0.322466538371705,"rmse_y":0.280948833046169}]
EKF: Prediction
EKF: Update
x_ =  9.9269
1.26203
 5.2754
1.01115
P_ =   0.00367515 -0.000461008   0.00672885  -0.00175649
-0.000461008   0.00791648  -0.00175542    0.0222822
  0.00672885  -0.00175542    0.0650288  -0.00853366
 -0.00175649    0.0222822  -0.00853366     0.140183
42["estimate_marker",{"estimate_x":9.92689573558665,"estimate_y":1.26202712368044,"rmse_vx":3.76703495846405,"rmse_vy":2.31113833462907,"rmse_x":0.32406782147425,"rmse_y":0.282021673910442}]
EKF: Prediction
EKF: Update
x_ = 10.1723
1.34414
5.01771
1.07333
P_ =    0.0037726 -0.000668703   0.00537217  -0.00262104
-0.000668703   0.00943944  -0.00279428    0.0267325
  0.00537217  -0.00279428    0.0456088   -0.0139306
 -0.00262104    0.0267325   -0.0139306     0.153246
42["estimate_marker",{"estimate_x":10.1722586608969,"estimate_y":1.34413660668239,"rmse_vx":3.76710817143051,"rmse_vy":2.31212495200254,"rmse_x":0.325481629603553,"rmse_y":0.282320569690283}]
EKF: Prediction
EKF: Update
x_ = 10.3932
 1.4237
4.95965
1.14951
P_ =   0.00368784 -0.000523527    0.0067874  -0.00196043
-0.000523527   0.00802522  -0.00205457    0.0224117
   0.0067874  -0.00205457    0.0653118  -0.00973772
 -0.00196043    0.0224117  -0.00973772     0.140637
42["estimate_marker",{"estimate_x":10.3932118283782,"estimate_y":1.42370164434403,"rmse_vx":3.76711062017112,"rmse_vy":2.31291104507004,"rmse_x":0.32591033797198,"rmse_y":0.28235180433541}]
EKF: Prediction
EKF: Update
x_ = 10.6232
1.49403
4.72569
1.15921
P_ =   0.00379248 -0.000761095   0.00545642   -0.0029235
-0.000761095   0.00961875  -0.00317738     0.027053
  0.00545642  -0.00317738    0.0460117    -0.015492
  -0.0029235     0.027053    -0.015492     0.154145
42["estimate_marker",{"estimate_x":10.6231899973125,"estimate_y":1.49402551274564,"rmse_vx":3.76849737825769,"rmse_vy":2.31454238132936,"rmse_x":0.326011728426254,"rmse_y":0.282356282456751}]
EKF: Prediction
EKF: Update
x_ =  10.841
1.51955
4.69687
1.07223
P_ =   0.00370305 -0.000589611   0.00684672  -0.00216383
-0.000589611   0.00810899  -0.00230968    0.0224955
  0.00684672  -0.00230968    0.0655744   -0.0107407
 -0.00216383    0.0224955   -0.0107407     0.140973
42["estimate_marker",{"estimate_x":10.8409760558915,"estimate_y":1.5195463925025,"rmse_vx":3.76997473282644,"rmse_vy":2.32023202660814,"rmse_x":0.326067066243279,"rmse_y":0.283289041575881}]
EKF: Prediction
EKF: Update
x_ = 11.1124
1.56198
4.88905
1.05382
P_ =   0.00380962 -0.000836806   0.00550677  -0.00313932
-0.000836806   0.00977025  -0.00335957    0.0273433
  0.00550677  -0.00335957    0.0461931    -0.016194
 -0.00313932    0.0273433    -0.016194     0.155077
42["estimate_marker",{"estimate_x":11.1123831029225,"estimate_y":1.56197911211604,"rmse_vx":3.76997544987909,"rmse_vy":2.32919683488263,"rmse_x":0.326147465002216,"rmse_y":0.285761441364213}]
EKF: Prediction
EKF: Update
x_ = 11.3948
1.60813
4.95939
1.03039
P_ =   0.00371453 -0.000637868   0.00687745  -0.00228613
-0.000637868   0.00818005  -0.00241596    0.0225834
  0.00687745  -0.00241596    0.0656843   -0.0111579
 -0.00228613    0.0225834   -0.0111579     0.141384
42["estimate_marker",{"estimate_x":11.3948280129668,"estimate_y":1.6081292516004,"rmse_vx":3.77030644020951,"rmse_vy":2.34246486894614,"rmse_x":0.32723112528491,"rmse_y":0.290424072259057}]
EKF: Prediction
EKF: Update
x_ =  11.6263
 1.64921
 4.86316
0.993818
P_ =   0.00382169 -0.000892109   0.00552855  -0.00326964
-0.000892109   0.00992294  -0.00342394     0.027671
  0.00552855  -0.00342394     0.046241   -0.0164387
 -0.00326964     0.027671   -0.0164387     0.156155
42["estimate_marker",{"estimate_x":11.6262768838034,"estimate_y":1.64920860305353,"rmse_vx":3.77033634604017,"rmse_vy":2.36170497666413,"rmse_x":0.327912192447327,"rmse_y":0.298825059821259}]
EKF: Prediction
EKF: Update
x_ =  11.853
1.71884
4.83032
1.05068
P_ =   0.00372152 -0.000668895   0.00688699  -0.00234337
-0.000668895   0.00825347  -0.00243859    0.0226989
  0.00688699  -0.00243859    0.0657087   -0.0112801
 -0.00234337    0.0226989   -0.0112801     0.141869
42["estimate_marker",{"estimate_x":11.8530416442494,"estimate_y":1.71883813124705,"rmse_vx":3.7703570760215,"rmse_vy":2.38150933448075,"rmse_x":0.328209451511319,"rmse_y":0.308412840853943}]
EKF: Prediction
EKF: Update
x_ = 12.1137
1.80258
4.99073
1.15404
P_ =   0.00383188 -0.000937809   0.00555396  -0.00337822
-0.000937809    0.0100538  -0.00352337    0.0279358
  0.00555396  -0.00352337    0.0463565   -0.0168898
 -0.00337822    0.0279358   -0.0168898     0.156963
42["estimate_marker",{"estimate_x":12.1137280068024,"estimate_y":1.80257728675352,"rmse_vx":3.77188571741721,"rmse_vy":2.39902205935563,"rmse_x":0.329121804598097,"rmse_y":0.317857356498743}]
EKF: Prediction
EKF: Update
x_ = 12.3589
1.83318
4.98675
1.08066
P_ =   0.00372783 -0.000695737   0.00690182  -0.00239919
-0.000695737   0.00831489  -0.00249291     0.022784
  0.00690182  -0.00249291    0.0657853   -0.0115674
 -0.00239919     0.022784   -0.0115674     0.142207
42["estimate_marker",{"estimate_x":12.3588984768546,"estimate_y":1.83317537713106,"rmse_vx":3.77382080887206,"rmse_vy":2.42603045595749,"rmse_x":0.330311072419582,"rmse_y":0.335009952260365}]
EKF: Prediction
EKF: Update
x_ = 12.6185
 1.8819
5.09365
1.07794
P_ =   0.00384085 -0.000977729   0.00557848  -0.00347751
-0.000977729    0.0101756  -0.00362151    0.0281842
  0.00557848  -0.00362151    0.0464744    -0.017338
 -0.00347751    0.0281842    -0.017338     0.157705
42["estimate_marker",{"estimate_x":12.6185329704758,"estimate_y":1.8818966422378,"rmse_vx":3.77862768450902,"rmse_vy":2.45841483838154,"rmse_x":0.332669991022314,"rmse_y":0.358428877184677}]
EKF: Prediction
EKF: Update
x_ =  12.819
2.03381
4.98023
1.35171
P_ =   0.00373346 -0.000719264   0.00691665  -0.00245251
-0.000719264   0.00837166  -0.00254779    0.0228633
  0.00691665  -0.00254779    0.0658641   -0.0118545
 -0.00245251    0.0228633   -0.0118545     0.142508
42["estimate_marker",{"estimate_x":12.8189710320172,"estimate_y":2.03380692346254,"rmse_vx":3.78163969055558,"rmse_vy":2.47623850822506,"rmse_x":0.3334179438116,"rmse_y":0.371911365499089}]
EKF: Prediction
EKF: Update
x_ = 13.0899
2.14095
5.12905
1.47647
P_ =  0.00385643 -0.00103597  0.00564881 -0.00366463
-0.00103597   0.0102747 -0.00390544   0.0283479
 0.00564881 -0.00390544   0.0468586  -0.0185794
-0.00366463   0.0283479  -0.0185794     0.15805
42["estimate_marker",{"estimate_x":13.0899119385361,"estimate_y":2.14095108332816,"rmse_vx":3.78945406625888,"rmse_vy":2.49094445992256,"rmse_x":0.335956378368217,"rmse_y":0.383904205540887}]
EKF: Prediction
EKF: Update
x_ = 13.2968
2.29544
5.02548
1.70186
P_ =   0.00374532 -0.000760694   0.00696687  -0.00258436
-0.000760694   0.00841394  -0.00273736    0.0228913
  0.00696687  -0.00273736    0.0661218   -0.0126784
 -0.00258436    0.0228913   -0.0126784     0.142569
42["estimate_marker",{"estimate_x":13.2967641482708,"estimate_y":2.2954415866515,"rmse_vx":3.79528177143705,"rmse_vy":2.4984855766959,"rmse_x":0.337205023540243,"rmse_y":0.390112905874275}]
EKF: Prediction
EKF: Update
x_ = 13.4717
2.42145
4.61151
 1.7769
P_ =  0.00388216  -0.0011206  0.00576673 -0.00395563
 -0.0011206   0.0103532 -0.00432725    0.028442
 0.00576673 -0.00432725   0.0474729  -0.0203736
-0.00395563    0.028442  -0.0203736    0.158092
42["estimate_marker",{"estimate_x":13.4717031316645,"estimate_y":2.42145229687166,"rmse_vx":3.79535104895387,"rmse_vy":2.50593903746541,"rmse_x":0.337209677976477,"rmse_y":0.394625255322938}]
EKF: Prediction
EKF: Update
x_ = 13.7205
2.54837
4.63803
1.87673
P_ =   0.00376522 -0.000822767   0.00705102  -0.00279222
-0.000822767   0.00844293  -0.00302167    0.0228774
  0.00705102  -0.00302167    0.0665277    -0.013858
 -0.00279222    0.0228774    -0.013858     0.142447
42["estimate_marker",{"estimate_x":13.7204640768861,"estimate_y":2.54837214453732,"rmse_vx":3.79577566347324,"rmse_vy":2.51240630734656,"rmse_x":0.337440237171955,"rmse_y":0.397917071491242}]
EKF: Prediction
EKF: Update
x_ = 13.9416
 2.6467
4.58113
1.88359
P_ =  0.00391534 -0.00121951  0.00590333 -0.00428888
-0.00121951   0.0104101 -0.00474603   0.0284864
 0.00590333 -0.00474603   0.0481337  -0.0221308
-0.00428888   0.0284864  -0.0221308    0.157997
42["estimate_marker",{"estimate_x":13.9416070327496,"estimate_y":2.64669587864888,"rmse_vx":3.79610278019564,"rmse_vy":2.52149307475742,"rmse_x":0.337600731344698,"rmse_y":0.402237976909578}]
EKF: Prediction
EKF: Update
x_ = 14.1694
2.81494
 4.5643
2.08247
P_ =   0.00378995 -0.000893183   0.00714568  -0.00301984
-0.000893183   0.00846012  -0.00329976    0.0228417
  0.00714568  -0.00329976    0.0669576   -0.0149985
 -0.00301984    0.0228417   -0.0149985     0.142263
42["estimate_marker",{"estimate_x":14.169396232143,"estimate_y":2.81493500797641,"rmse_vx":3.79663999237163,"rmse_vy":2.52605667936314,"rmse_x":0.337842274038891,"rmse_y":0.403624559429256}]
EKF: Prediction
EKF: Update
x_ =  14.423
2.92158
4.73886
2.11207
P_ =  0.00395411 -0.00132584   0.0060507 -0.00463497
-0.00132584   0.0104555 -0.00514504   0.0285126
  0.0060507 -0.00514504   0.0488189  -0.0238083
-0.00463497   0.0285126  -0.0238083    0.157851
42["estimate_marker",{"estimate_x":14.4229917532258,"estimate_y":2.92158458763133,"rmse_vx":3.80065065234893,"rmse_vy":2.53207390242908,"rmse_x":0.339100591903313,"rmse_y":0.405673621832768}]
EKF: Prediction
EKF: Update
x_ = 14.6314
2.99059
4.69396
2.01926
P_ =     0.003818 -0.000966899    0.0072455  -0.00324826
-0.000966899   0.00847114   -0.0035611    0.0227992
   0.0072455   -0.0035611    0.0674005   -0.0160815
 -0.00324826    0.0227992   -0.0160815     0.142051
42["estimate_marker",{"estimate_x":14.6314313805501,"estimate_y":2.99058867802633,"rmse_vx":3.80474652226918,"rmse_vy":2.54523176817577,"rmse_x":0.339964125534824,"rmse_y":0.411452562685647}]
EKF: Prediction
EKF: Update
x_ = 14.8655
3.13917
4.73838
2.16036
P_ =  0.00398686 -0.00141249  0.00614256 -0.00489056
-0.00141249   0.0105047 -0.00533922   0.0285962
 0.00614256 -0.00533922   0.0491656  -0.0246465
-0.00489056   0.0285962  -0.0246465    0.158041
42["estimate_marker",{"estimate_x":14.8655137991842,"estimate_y":3.13916590058009,"rmse_vx":3.81133959308738,"rmse_vy":2.55521069792959,"rmse_x":0.341591814669835,"rmse_y":0.415634329339953}]
EKF: Prediction
EKF: Update
x_ = 15.0776
3.34855
 4.6712
2.43489
P_ =  0.00383943 -0.00102147  0.00730136 -0.00339556
-0.00102147  0.00848762 -0.00367657   0.0228024
 0.00730136 -0.00367657   0.0676182  -0.0166037
-0.00339556   0.0228024  -0.0166037    0.142058
42["estimate_marker",{"estimate_x":15.0776220788176,"estimate_y":3.34854740314855,"rmse_vx":3.81750515763834,"rmse_vy":2.55831873951406,"rmse_x":0.34315443799974,"rmse_y":0.416134062498871}]
EKF: Prediction
EKF: Update
x_ = 15.2903
 3.4953
4.46156
2.46692
P_ =  0.00403005  -0.0015161   0.0063125 -0.00521892
 -0.0015161   0.0105338 -0.00576165   0.0285713
  0.0063125 -0.00576165   0.0500252  -0.0265008
-0.00521892   0.0285713  -0.0265008    0.157606
42["estimate_marker",{"estimate_x":15.2902681079314,"estimate_y":3.49530062475585,"rmse_vx":3.82005188274613,"rmse_vy":2.56258366992689,"rmse_x":0.344808097977215,"rmse_y":0.416410359080049}]
EKF: Prediction
EKF: Update
x_ = 15.5049
3.69765
4.42786
2.67816
P_ =  0.00387093 -0.00109385  0.00741863 -0.00361866
-0.00109385   0.0084891  -0.0039571   0.0227308
 0.00741863  -0.0039571   0.0681873  -0.0178335
-0.00361866   0.0227308  -0.0178335     0.14166
42["estimate_marker",{"estimate_x":15.5048574175036,"estimate_y":3.6976529899411,"rmse_vx":3.82303739996525,"rmse_vy":2.56382790792553,"rmse_x":0.346799743108849,"rmse_y":0.416716368243472}]
EKF: Prediction
EKF: Update
x_ = 15.7189
3.80916
4.36549
2.60561
P_ =  0.00408214  -0.0016305  0.00651456 -0.00558601
 -0.0016305   0.0105465 -0.00621382   0.0284986
 0.00651456 -0.00621382   0.0510081  -0.0284471
-0.00558601   0.0284986  -0.0284471    0.157009
42["estimate_marker",{"estimate_x":15.7188706126996,"estimate_y":3.80915526477238,"rmse_vx":3.82595369060092,"rmse_vy":2.56843507003035,"rmse_x":0.349293088807968,"rmse_y":0.416716420333087}]
EKF: Prediction
EKF: Update
x_ = 15.9409
3.96052
4.36739
2.66055
P_ =  0.00390873 -0.00117357  0.00755668 -0.00386561
-0.00117357  0.00848078 -0.00425577   0.0226332
 0.00755668 -0.00425577   0.0688304  -0.0191117
-0.00386561   0.0226332  -0.0191117    0.141175
42["estimate_marker",{"estimate_x":15.9409372140526,"estimate_y":3.96051626963704,"rmse_vx":3.83022523886575,"rmse_vy":2.57365358608926,"rmse_x":0.353103419919627,"rmse_y":0.416719749069599}]
EKF: Prediction
EKF: Update
x_ = 16.1413
4.09001
4.15297
2.60678
P_ =  0.00413115 -0.00173256   0.0066708 -0.00589789
-0.00173256   0.0105609 -0.00650265   0.0284769
  0.0066708 -0.00650265   0.0516761  -0.0297116
-0.00589789   0.0284769  -0.0297116    0.156749
42["estimate_marker",{"estimate_x":16.1412740883222,"estimate_y":4.09001320132527,"rmse_vx":3.83167052023731,"rmse_vy":2.58373807969228,"rmse_x":0.356984567860526,"rmse_y":0.416822738956578}]
EKF: Prediction
EKF: Update
x_ = 16.3334
4.30595
4.10266
2.83538
P_ =  0.00394197 -0.00124022  0.00765684 -0.00405722
-0.00124022  0.00847642  -0.0044377   0.0225772
 0.00765684  -0.0044377   0.0692598  -0.0199257
-0.00405722   0.0225772  -0.0199257    0.140914
42["estimate_marker",{"estimate_x":16.3334475356458,"estimate_y":4.3059538267998,"rmse_vx":3.8333289427128,"rmse_vy":2.58814234110405,"rmse_x":0.360578650530107,"rmse_y":0.417359561939971}]
EKF: Prediction
EKF: Update
x_ =  16.549
 4.4497
4.12795
2.84016
P_ =  0.00418468 -0.00183593  0.00685909 -0.00621621
-0.00183593   0.0105622 -0.00685569   0.0283988
 0.00685909 -0.00685569   0.0525689  -0.0312773
-0.00621621   0.0283988  -0.0312773    0.156181
42["estimate_marker",{"estimate_x":16.5490350491411,"estimate_y":4.44970445752548,"rmse_vx":3.83663094040297,"rmse_vy":2.59477892560598,"rmse_x":0.365945355124658,"rmse_y":0.417582385839681}]
EKF: Prediction
EKF: Update
x_ = 16.7239
4.63127
4.05859
2.95054
P_ =  0.00397943 -0.00130984  0.00778241 -0.00426348
-0.00130984   0.0084636 -0.00466739   0.0224859
 0.00778241 -0.00466739   0.0698462  -0.0209586
-0.00426348   0.0224859  -0.0209586     0.14046
42["estimate_marker",{"estimate_x":16.7238761200596,"estimate_y":4.63127476650481,"rmse_vx":3.83993631753782,"rmse_vy":2.60014238343354,"rmse_x":0.370121557986124,"rmse_y":0.418225690367695}]
EKF: Prediction
EKF: Update
x_ = 16.8852
4.77533
3.68425
2.86305
P_ =  0.00423957 -0.00193554   0.0070456 -0.00652204
-0.00193554   0.0105579 -0.00717607    0.028316
  0.0070456 -0.00717607   0.0534335  -0.0327091
-0.00652204    0.028316  -0.0327091    0.155627
42["estimate_marker",{"estimate_x":16.8851530611908,"estimate_y":4.77533263044046,"rmse_vx":3.83994473957325,"rmse_vy":2.61184771163476,"rmse_x":0.372661045135428,"rmse_y":0.418402247697745}]
EKF: Prediction
EKF: Update
x_ = 17.0383
5.03284
3.59492
3.16884
P_ =  0.00401737 -0.00137615  0.00790539 -0.00445878
-0.00137615  0.00844844 -0.00487419   0.0223957
 0.00790539 -0.00487419   0.0704128  -0.0219013
-0.00445878   0.0223957  -0.0219013    0.140021
42["estimate_marker",{"estimate_x":17.0382794375927,"estimate_y":5.03283819846277,"rmse_vx":3.83994475851934,"rmse_vy":2.6150840773224,"rmse_x":0.373800530775383,"rmse_y":0.422137938073452}]
EKF: Prediction
EKF: Update
x_ = 17.2166
5.16762
3.55428
 3.0924
P_ =  0.00430488 -0.00204425  0.00729234 -0.00686424
-0.00204425   0.0105331 -0.00759671   0.0281453
 0.00729234 -0.00759671   0.0546433  -0.0345522
-0.00686424   0.0281453  -0.0345522    0.154643
42["estimate_marker",{"estimate_x":17.2165779341351,"estimate_y":5.16761904918613,"rmse_vx":3.8399876934719,"rmse_vy":2.62301632116529,"rmse_x":0.374952092371412,"rmse_y":0.423735972949016}]
EKF: Prediction
EKF: Update
x_ =  17.368
5.37136
3.49074
3.22618
P_ =  0.00406418 -0.00145137   0.0080732 -0.00468933
-0.00145137  0.00841957 -0.00515221   0.0222498
  0.0080732 -0.00515221   0.0712094  -0.0231251
-0.00468933   0.0222498  -0.0231251    0.139318
42["estimate_marker",{"estimate_x":17.3680483725615,"estimate_y":5.37135528395936,"rmse_vx":3.84007281620921,"rmse_vy":2.62865299986026,"rmse_x":0.375387931437643,"rmse_y":0.426700061975956}]
EKF: Prediction
EKF: Update
x_ = 17.5342
5.49819
3.40002
3.10924
P_ =  0.00437106 -0.00214805  0.00751726 -0.00718737
-0.00214805   0.0105066 -0.00792947   0.0280028
 0.00751726 -0.00792947   0.0556672  -0.0360282
-0.00718737   0.0280028  -0.0360282    0.153875
42["estimate_marker",{"estimate_x":17.5341872988077,"estimate_y":5.49818548436249,"rmse_vx":3.84012740590443,"rmse_vy":2.64198944791986,"rmse_x":0.375734252605629,"rmse_y":0.42734401149975}]
EKF: Prediction
EKF: Update
x_ =  17.721
5.63739
3.43654
3.06318
P_ =  0.00410992 -0.00152073  0.00822114 -0.00489618
-0.00152073  0.00839164 -0.00536742   0.0221283
 0.00822114 -0.00536742   0.0718767  -0.0240942
-0.00489618   0.0221283  -0.0240942    0.138759
42["estimate_marker",{"estimate_x":17.7209549766274,"estimate_y":5.63739184202044,"rmse_vx":3.8409624480643,"rmse_vy":2.66156602135717,"rmse_x":0.376669193043307,"rmse_y":0.427345603514086}]
EKF: Prediction
EKF: Update
x_ = 17.8763
5.79302
 3.2741
   3.03
P_ =   0.0044265  -0.0022323   0.0076697  -0.0074398
 -0.0022323   0.0104917 -0.00810934   0.0279399
  0.0076697 -0.00810934   0.0562891  -0.0369118
 -0.0074398   0.0279399  -0.0369118    0.153526
42["estimate_marker",{"estimate_x":17.8763376172885,"estimate_y":5.79302339372331,"rmse_vx":3.84118440563348,"rmse_vy":2.68747734949174,"rmse_x":0.377390592452127,"rmse_y":0.427594772610818}]
EKF: Prediction
EKF: Update
x_ = 18.0402
6.02235
3.25112
3.23162
P_ =  0.00414585 -0.00157351  0.00831501 -0.00504434
-0.00157351  0.00837393 -0.00547742   0.0220645
 0.00831501 -0.00547742   0.0722833   -0.024673
-0.00504434   0.0220645   -0.024673    0.138465
42["estimate_marker",{"estimate_x":18.0401767711721,"estimate_y":6.02235109172784,"rmse_vx":3.84188367450906,"rmse_vy":2.70465316350297,"rmse_x":0.378320113368576,"rmse_y":0.42762208098659}]
EKF: Prediction
EKF: Update
x_ = 18.1993
 6.2038
3.22177
3.27875
P_ =  0.00448662 -0.00231792  0.00787655 -0.00770132
-0.00231792   0.0104663 -0.00839666   0.0278032
 0.00787655 -0.00839666    0.057301   -0.038242
-0.00770132   0.0278032   -0.038242    0.152716
42["estimate_marker",{"estimate_x":18.1993246867651,"estimate_y":6.20379809859307,"rmse_vx":3.84326893944211,"rmse_vy":2.7226965113615,"rmse_x":0.379471454681314,"rmse_y":0.427624075052693}]
EKF: Prediction
EKF: Update
x_ = 18.3123
6.48712
3.09375
3.59856
P_ =  0.00418746  -0.0016307  0.00845317 -0.00521504
 -0.0016307  0.00834772 -0.00566483   0.0219478
 0.00845317 -0.00566483   0.0729586  -0.0255661
-0.00521504   0.0219478  -0.0255661    0.137869
42["estimate_marker",{"estimate_x":18.3123349129789,"estimate_y":6.48711547867339,"rmse_vx":3.84420372485395,"rmse_vy":2.72893934503849,"rmse_x":0.379653699724352,"rmse_y":0.429671847907486}]
EKF: Prediction
EKF: Update
x_ = 18.4527
6.67218
2.97101
 3.5805
P_ =  0.00456264  -0.0024176  0.00817435 -0.00801631
 -0.0024176   0.0104183 -0.00881274   0.0275558
 0.00817435 -0.00881274   0.0587975  -0.0400553
-0.00801631   0.0275558  -0.0400553    0.151363
42["estimate_marker",{"estimate_x":18.4527214523133,"estimate_y":6.67217613355285,"rmse_vx":3.84484174075147,"rmse_vy":2.73813392141534,"rmse_x":0.379784740435151,"rmse_y":0.431048459103818}]
EKF: Prediction
EKF: Update
x_ =  18.597
6.82205
2.97232
 3.5067
P_ =  0.00424245 -0.00170049  0.00865763 -0.00543285
-0.00170049    0.008305 -0.00594089    0.021757
 0.00865763 -0.00594089   0.0739488  -0.0267775
-0.00543285    0.021757  -0.0267775    0.136936
42["estimate_marker",{"estimate_x":18.5970125357911,"estimate_y":6.82205205241557,"rmse_vx":3.84666308035891,"rmse_vy":2.75355181940648,"rmse_x":0.379990591339743,"rmse_y":0.431119715281514}]
EKF: Prediction
EKF: Update
x_ = 18.7541
 7.0081
 3.0187
3.54534
P_ =  0.00463545 -0.00250897  0.00841157 -0.00830454
-0.00250897    0.010376 -0.00908202   0.0273851
 0.00841157 -0.00908202   0.0598484  -0.0412793
-0.00830454   0.0273851  -0.0412793    0.150518
42["estimate_marker",{"estimate_x":18.754074595065,"estimate_y":7.00810066700203,"rmse_vx":3.85136355151799,"rmse_vy":2.76992113899151,"rmse_x":0.380737233425726,"rmse_y":0.431124992104069}]
EKF: Prediction
EKF: Update
x_ = 18.9508
7.16595
3.11286
3.48382
P_ =  0.00429196 -0.00176063  0.00881166 -0.00561487
-0.00176063  0.00826917 -0.00611325    0.021625
 0.00881166 -0.00611325   0.0746336  -0.0275806
-0.00561487    0.021625  -0.0275806    0.136337
42["estimate_marker",{"estimate_x":18.9507710378064,"estimate_y":7.1659506186433,"rmse_vx":3.86203968000068,"rmse_vy":2.79316364899896,"rmse_x":0.385044230757141,"rmse_y":0.432009641080676}]
EKF: Prediction
EKF: Update
x_ = 19.0517
7.32431
2.78808
3.36875
P_ =  0.00470058 -0.00258826  0.00860196 -0.00854968
-0.00258826   0.0103438 -0.00927145   0.0272688
 0.00860196 -0.00927145   0.0606697   -0.042211
-0.00854968   0.0272688   -0.042211    0.149914
42["estimate_marker",{"estimate_x":19.0516858795601,"estimate_y":7.32431065272106,"rmse_vx":3.86601176423365,"rmse_vy":2.8282811406569,"rmse_x":0.387741183328742,"rmse_y":0.435403819632178}]
EKF: Prediction
EKF: Update
x_ = 19.1267
7.64476
2.61353
3.77401
P_ =  0.00433474 -0.00181092  0.00893187 -0.00576318
-0.00181092  0.00824113 -0.00623134   0.0215297
 0.00893187 -0.00623134   0.0751752  -0.0281955
-0.00576318   0.0215297  -0.0281955     0.13588
42["estimate_marker",{"estimate_x":19.1266577065997,"estimate_y":7.6447590180748,"rmse_vx":3.86852826374901,"rmse_vy":2.84094001544586,"rmse_x":0.388449877142824,"rmse_y":0.435405416057929}]
EKF: Prediction
EKF: Update
x_ =  19.256
7.82717
2.59334
3.74981
P_ =  0.00478254 -0.00267903  0.00891719 -0.00883062
-0.00267903   0.0102831 -0.00964429   0.0269884
 0.00891719 -0.00964429   0.0622594  -0.0438417
-0.00883062   0.0269884  -0.0438417    0.148415
42["estimate_marker",{"estimate_x":19.2559626382275,"estimate_y":7.82716923684494,"rmse_vx":3.87280357973109,"rmse_vy":2.85728483094558,"rmse_x":0.389687408123888,"rmse_y":0.435794112130517}]
EKF: Prediction
EKF: Update
x_ = 19.3266
8.07721
2.45746
3.92479
P_ =   0.0043936 -0.00187409   0.0091478 -0.00595741
-0.00187409  0.00819139 -0.00647833   0.0213217
  0.0091478 -0.00647833   0.0762317   -0.029291
-0.00595741   0.0213217   -0.029291    0.134857
42["estimate_marker",{"estimate_x":19.3266291598642,"estimate_y":8.07720981825949,"rmse_vx":3.8764197885954,"rmse_vy":2.86749908563224,"rmse_x":0.389870132413335,"rmse_y":0.435804732795135}]
EKF: Prediction
EKF: Update
x_ = 19.4313
8.26782
2.42319
3.91533
P_ =  0.00487301 -0.00277303  0.00924576 -0.00912579
-0.00277303    0.010213 -0.00998893   0.0266988
 0.00924576 -0.00998893   0.0638164  -0.0453404
-0.00912579   0.0266988  -0.0453404    0.146978
42["estimate_marker",{"estimate_x":19.4312932583348,"estimate_y":8.26782412804528,"rmse_vx":3.88181306732091,"rmse_vy":2.8801409603255,"rmse_x":0.390071652017451,"rmse_y":0.4362003762858}]
EKF: Prediction
EKF: Update
x_ = 19.5252
8.42481
2.38419
3.82498
P_ =   0.0044573  -0.0019383  0.00936812 -0.00615432
 -0.0019383  0.00813664 -0.00670403   0.0211127
 0.00936812 -0.00670403   0.0772524  -0.0302845
-0.00615432   0.0211127  -0.0302845    0.133886
