Listening to port 4567
Connected!!!
EKF: Initialize
42["estimate_marker",{"estimate_x":0.20177818375957,"estimate_y":0.385989159673785,"rmse_vx":1.77883951571184,"rmse_vy":1.18931007636755,"rmse_x":0.079109410255492,"rmse_y":0.107025906279517}]
EKF: Prediction
EKF: Update
x_ =  0.218459
  0.68347
-0.116709
  3.57063
P_ = 0.0223563         0  0.319378         0
        0 0.0223563         0  0.319378
 0.319378         0   290.286         0
        0  0.319378         0   290.286
42["estimate_marker",{"estimate_x":0.218459375209001,"estimate_y":0.683469633873692,"rmse_vx":2.94090250507732,"rmse_vy":2.14311309558134,"rmse_x":0.0931807309815174,"rmse_y":0.11483776541339}]
EKF: Prediction
EKF: Update
x_ = -0.181706
 0.759662
 -7.42429
  2.40144
P_ =  0.00170627  0.00401233   0.0132388 -0.00157659
 0.00401233   0.0168469 -0.00174569  0.00396076
  0.0132388 -0.00174569     7.97909    -1.93113
-0.00157659  0.00396076    -1.93113    0.563343
42["estimate_marker",{"estimate_x":-0.181706218347213,"estimate_y":0.759662342087691,"rmse_vx":3.2201425142745,"rmse_vy":2.45412541239467,"rmse_x":0.0981488966079066,"rmse_y":0.139694063888336}]
EKF: Prediction
EKF: Update
x_ = -0.424708
 0.730687
 -4.50061
  1.63449
P_ =    0.0113659 -0.000265495     0.203091   -0.0481751
-0.000265495    0.0101957   -0.0488868    0.0167191
    0.203091   -0.0488868      4.06236    -0.974324
  -0.0481751    0.0167191    -0.974324     0.351438
42["estimate_marker",{"estimate_x":-0.424708405157824,"estimate_y":0.730686915745387,"rmse_vx":3.22365614307586,"rmse_vy":2.58401436927394,"rmse_x":0.103329539002164,"rmse_y":0.153958761870289}]
EKF: Prediction
EKF: Update
x_ = -0.658957
  0.59286
 -4.05497
  1.18505
P_ =   0.00146716  -0.00135429    0.0129557   0.00225918
 -0.00135429   0.00324831   -0.0157071 -3.10715e-05
   0.0129557   -0.0157071     0.189726    0.0429622
  0.00225918 -3.10715e-05    0.0429622    0.0832139
42["estimate_marker",{"estimate_x":-0.658956578890864,"estimate_y":0.592859933093958,"rmse_vx":3.24523513361448,"rmse_vy":2.64832529241974,"rmse_x":0.107428853740709,"rmse_y":0.154030806533625}]
EKF: Prediction
EKF: Update
x_ = -0.858884
 0.636136
 -4.03514
  1.14415
P_ = 0.00273175 -0.0014611   0.019331 0.00417689
-0.0014611 0.00289633 -0.0103197 0.00437433
  0.019331 -0.0103197   0.186243  0.0413277
0.00417689 0.00437433  0.0413277   0.103984
42["estimate_marker",{"estimate_x":-0.858884252396057,"estimate_y":0.636135544228796,"rmse_vx":3.2678642830419,"rmse_vy":2.70578504714245,"rmse_x":0.107830875111385,"rmse_y":0.15487836055254}]
EKF: Prediction
EKF: Update
x_ = -1.11406
0.666691
-4.41221
0.966512
P_ =  0.00265716 -0.00125538   0.0119374  0.00489401
-0.00125538  0.00181062 -0.00485591   0.0021771
  0.0119374 -0.00485591   0.0878865   0.0354423
 0.00489401   0.0021771   0.0354423   0.0861274
42["estimate_marker",{"estimate_x":-1.11406040643823,"estimate_y":0.666690980225916,"rmse_vx":3.27372463526279,"rmse_vy":2.74461318095931,"rmse_x":0.109134854989587,"rmse_y":0.157841857510541}]
EKF: Prediction
EKF: Update
x_ = -1.31079
0.696844
-4.32366
0.952698
P_ =   0.00341774 -0.000897833     0.014205    0.0059347
-0.000897833   0.00200958  -0.00213423   0.00668266
    0.014205  -0.00213423    0.0994282    0.0319021
   0.0059347   0.00668266    0.0319021     0.104776
42["estimate_marker",{"estimate_x":-1.31078767515621,"estimate_y":0.696844324355597,"rmse_vx":3.28254897465638,"rmse_vy":2.78069302703617,"rmse_x":0.109245303412759,"rmse_y":0.163911694389096}]
EKF: Prediction
EKF: Update
x_ =  -1.5299
0.700118
-4.33908
0.722615
P_ =   0.00332524 -0.000854836     0.009414   0.00498622
-0.000854836   0.00171983  -0.00102551   0.00543364
    0.009414  -0.00102551    0.0594427     0.023034
  0.00498622   0.00543364     0.023034    0.0852271
42["estimate_marker",{"estimate_x":-1.52989935826154,"estimate_y":0.700118150173066,"rmse_vx":3.29082998763121,"rmse_vy":2.79950320341892,"rmse_x":0.110335249626733,"rmse_y":0.16975356255465}]
EKF: Prediction
EKF: Update
x_ = -1.69864
0.719811
-4.20586
0.743794
P_ =   0.00369074 -0.000451006    0.0108272   0.00533671
-0.000451006   0.00223135  0.000373222   0.00936328
   0.0108272  0.000373222    0.0757096    0.0199102
  0.00533671   0.00936328    0.0199102     0.102003
42["estimate_marker",{"estimate_x":-1.69864108627739,"estimate_y":0.719811475459517,"rmse_vx":3.30451547119296,"rmse_vy":2.81845265410562,"rmse_x":0.121652585022803,"rmse_y":0.177517024994091}]
EKF: Prediction
EKF: Update
x_ =  -1.9486
0.711202
-4.44793
0.535147
P_ =   0.00361079 -0.000550786     0.007536   0.00413168
-0.000550786    0.0019906  0.000313451   0.00754343
    0.007536  0.000313451    0.0507197    0.0163878
  0.00413168   0.00754343    0.0163878    0.0849763
42["estimate_marker",{"estimate_x":-1.94859641742813,"estimate_y":0.711201637509246,"rmse_vx":3.30941011494381,"rmse_vy":2.82647707765387,"rmse_x":0.130210596688149,"rmse_y":0.183158920895727}]
EKF: Prediction
EKF: Update
x_ =  -2.1904
0.744795
-4.49031
0.537834
P_ =   0.00375139 -0.000211662   0.00887207   0.00424181
-0.000211662   0.00262241   0.00110085    0.0109614
  0.00887207   0.00110085     0.068971    0.0138311
  0.00424181    0.0109614    0.0138311     0.100524
42["estimate_marker",{"estimate_x":-2.19040166359945,"estimate_y":0.744795155632757,"rmse_vx":3.31324018304237,"rmse_vy":2.83384544049867,"rmse_x":0.138000471869409,"rmse_y":0.192402919347748}]
EKF: Prediction
EKF: Update
x_ =   -2.47643
  0.652071
  -4.76277
0.00845523
P_ =   0.00373424 -0.000302453   0.00649342   0.00352129
-0.000302453   0.00245673  0.000934147   0.00957603
  0.00649342  0.000934147     0.047961    0.0139894
  0.00352129   0.00957603    0.0139894    0.0903945
42["estimate_marker",{"estimate_x":-2.47642609185765,"estimate_y":0.652071307783687,"rmse_vx":3.3133239473266,"rmse_vy":2.8347408851385,"rmse_x":0.139889550837096,"rmse_y":0.192615908384729}]
EKF: Prediction
EKF: Update
x_ = -2.72032
 0.67975
-4.76195
0.112505
P_ =   0.00376213 -3.20304e-05   0.00787554   0.00353589
-3.20304e-05   0.00314372   0.00141882    0.0126162
  0.00787554   0.00141882    0.0670488    0.0115877
  0.00353589    0.0126162    0.0115877     0.104012
42["estimate_marker",{"estimate_x":-2.72031534374285,"estimate_y":0.679749783513389,"rmse_vx":3.31341431335431,"rmse_vy":2.83490849868737,"rmse_x":0.141487931367368,"rmse_y":0.193534306423673}]
EKF: Prediction
EKF: Update
x_ = -2.98144
0.696131
-4.75777
0.123533
P_ =   0.00378203 -9.93187e-05   0.00587377   0.00306417
-9.93187e-05   0.00303558   0.00107926    0.0116378
  0.00587377   0.00107926    0.0462469    0.0116142
  0.00306417    0.0116378    0.0116142    0.0983319
42["estimate_marker",{"estimate_x":-2.9814356941721,"estimate_y":0.696130774852443,"rmse_vx":3.31352462412446,"rmse_vy":2.83515978591653,"rmse_x":0.14190771451292,"rmse_y":0.194821522841211}]
EKF: Prediction
EKF: Update
x_ = -3.23348
0.731492
-4.77603
 0.22511
P_ =  0.00374889 9.52108e-05  0.00728392  0.00296515
9.52108e-05  0.00372118  0.00134841   0.0142706
 0.00728392  0.00134841   0.0658153  0.00940839
 0.00296515   0.0142706  0.00940839    0.109495
42["estimate_marker",{"estimate_x":-3.23348079916714,"estimate_y":0.731491579839807,"rmse_vx":3.31357535463427,"rmse_vy":2.83515979425848,"rmse_x":0.142001662728865,"rmse_y":0.197893387638498}]
EKF: Prediction
EKF: Update
x_ =  -3.47971
 0.701679
 -4.79451
0.0677751
P_ =  0.00378621 4.40027e-05  0.00559154  0.00274182
4.40027e-05   0.0036979  0.00131608   0.0136086
 0.00559154  0.00131608   0.0459942   0.0116562
 0.00274182   0.0136086   0.0116562     0.10564
42["estimate_marker",{"estimate_x":-3.47971037441476,"estimate_y":0.701679347246652,"rmse_vx":3.31358887206838,"rmse_vy":2.83668366146326,"rmse_x":0.142021103888163,"rmse_y":0.198376595970957}]
EKF: Prediction
EKF: Update
x_ =  -3.72926
 0.646298
 -4.82813
-0.149969
P_ =  0.00373031 0.000186125  0.00703648  0.00261251
0.000186125  0.00431188  0.00146506   0.0156977
 0.00703648  0.00146506   0.0657268   0.0093498
 0.00261251   0.0156977   0.0093498    0.114182
42["estimate_marker",{"estimate_x":-3.72925750690402,"estimate_y":0.646297584237327,"rmse_vx":3.31359636743043,"rmse_vy":2.84495233217229,"rmse_x":0.142036758894627,"rmse_y":0.199439925005042}]
EKF: Prediction
EKF: Update
x_ =  -3.96765
 0.683399
 -4.89129
0.0216688
P_ =  0.00377463 0.000136092  0.00537794  0.00240106
0.000136092   0.0043486  0.00119117   0.0153685
 0.00537794  0.00119117   0.0452637  0.00988134
 0.00240106   0.0153685  0.00988134    0.112603
42["estimate_marker",{"estimate_x":-3.96765433802185,"estimate_y":0.683399155984563,"rmse_vx":3.31381909279156,"rmse_vy":2.84872993196791,"rmse_x":0.142040120471018,"rmse_y":0.199665862105964}]
EKF: Prediction
EKF: Update
x_ =  -4.25085
 0.629263
 -4.97163
-0.184699
P_ = 0.00370517 0.00022307 0.00683599 0.00220461
0.00022307 0.00484631 0.00124092  0.0168883
0.00683599 0.00124092  0.0651783  0.0078126
0.00220461  0.0168883  0.0078126   0.118635
42["estimate_marker",{"estimate_x":-4.25084599511901,"estimate_y":0.629262906141372,"rmse_vx":3.31474854462126,"rmse_vy":2.86115813619297,"rmse_x":0.143771171675316,"rmse_y":0.204641111243685}]
EKF: Prediction
EKF: Update
x_ =  -4.49256
 0.622736
 -4.95689
-0.173499
P_ =  0.00375873 0.000192723  0.00526304  0.00212597
0.000192723   0.0050059  0.00112196   0.0170431
 0.00526304  0.00112196   0.0449241  0.00895463
 0.00212597   0.0170431  0.00895463    0.119056
42["estimate_marker",{"estimate_x":-4.49256033725861,"estimate_y":0.622735805907296,"rmse_vx":3.31551189595944,"rmse_vy":2.87464717603295,"rmse_x":0.145562361798111,"rmse_y":0.212497563977006}]
EKF: Prediction
EKF: Update
x_ =  -4.73498
 0.677901
   -4.939
0.0412784
P_ =   0.0036849 0.000240595  0.00673303  0.00190029
0.000240595  0.00534864  0.00111023   0.0179307
 0.00673303  0.00111023   0.0649312    0.007022
 0.00190029   0.0179307    0.007022    0.122564
42["estimate_marker",{"estimate_x":-4.73498029046144,"estimate_y":0.677901434505041,"rmse_vx":3.31609828433927,"rmse_vy":2.88085016046771,"rmse_x":0.147470333420172,"rmse_y":0.216171724850005}]
EKF: Prediction
EKF: Update
x_ = -4.96105
0.744986
-4.96732
0.270358
P_ =  0.00374804 0.000242006   0.0052387  0.00201919
0.000242006  0.00561974  0.00130174   0.0184808
  0.0052387  0.00130174   0.0449901  0.00954809
 0.00201919   0.0184808  0.00954809    0.124349
42["estimate_marker",{"estimate_x":-4.96105417307301,"estimate_y":0.7449857945017,"rmse_vx":3.31698849905046,"rmse_vy":2.88236384941619,"rmse_x":0.148375813020805,"rmse_y":0.216846621157884}]
EKF: Prediction
EKF: Update
x_ = -5.22279
 0.74618
-4.99319
0.227231
P_ =   0.0036749 0.000268413  0.00671457  0.00178748
0.000268413  0.00578425  0.00122572    0.018737
 0.00671457  0.00122572   0.0649907  0.00742693
 0.00178748    0.018737  0.00742693    0.125614
42["estimate_marker",{"estimate_x":-5.22278604385265,"estimate_y":0.74617988976066,"rmse_vx":3.31821680410506,"rmse_vy":2.88551265140807,"rmse_x":0.150802214740557,"rmse_y":0.21870087324348}]
EKF: Prediction
EKF: Update
x_ = -5.48785
0.726458
-5.10701
0.135716
P_ =  0.00374484 0.000299542  0.00525669  0.00205872
0.000299542  0.00618387  0.00158035   0.0197416
 0.00525669  0.00158035   0.0451722    0.010597
 0.00205872   0.0197416    0.010597    0.128927
42["estimate_marker",{"estimate_x":-5.48785122346279,"estimate_y":0.726457685044788,"rmse_vx":3.32151097992515,"rmse_vy":2.89251386631629,"rmse_x":0.155816491373682,"rmse_y":0.224616338570302}]
EKF: Prediction
EKF: Update
x_ =  -5.7094
0.822987
-5.03294
0.424774
P_ =  0.00367272 0.000308573  0.00673031  0.00179917
0.000308573  0.00616135  0.00142157   0.0193896
 0.00673031  0.00142157   0.0651226  0.00813262
 0.00179917   0.0193896  0.00813262    0.128167
42["estimate_marker",{"estimate_x":-5.70939988046629,"estimate_y":0.822987403482685,"rmse_vx":3.32339147870223,"rmse_vy":2.89356557966717,"rmse_x":0.158634898891778,"rmse_y":0.225253075271544}]
EKF: Prediction
EKF: Update
x_ = -5.93899
0.913665
-4.77556
0.616407
P_ =  0.00374893 0.000370297  0.00529852  0.00219919
0.000370297  0.00669426  0.00190573   0.0208484
 0.00529852  0.00190573   0.0454058   0.0117928
 0.00219919   0.0208484   0.0117928     0.13291
42["estimate_marker",{"estimate_x":-5.93898893852498,"estimate_y":0.913665236930572,"rmse_vx":3.32342872531312,"rmse_vy":2.89356891776966,"rmse_x":0.16049958849893,"rmse_y":0.225647985125157}]
EKF: Prediction
EKF: Update
x_ = -6.13055
0.932344
-4.69127
 0.58929
P_ =  0.00367665 0.000360109  0.00676266  0.00188408
0.000360109  0.00648543  0.00164596   0.0199248
 0.00676266  0.00164596   0.0652792  0.00890214
 0.00188408   0.0199248  0.00890214    0.130331
42["estimate_marker",{"estimate_x":-6.13055090741073,"estimate_y":0.932343857839404,"rmse_vx":3.32390792915102,"rmse_vy":2.89385862313118,"rmse_x":0.160499606192515,"rmse_y":0.225741137132774}]
EKF: Prediction
EKF: Update
x_ =  -6.3819
0.974012
-4.96775
0.660424
P_ =  0.00375944 0.000451477  0.00536366  0.00241441
0.000451477  0.00711827  0.00228071   0.0217094
 0.00536366  0.00228071   0.0457573    0.013295
 0.00241441   0.0217094    0.013295    0.135967
42["estimate_marker",{"estimate_x":-6.38189765434982,"estimate_y":0.974011778006112,"rmse_vx":3.32495720834351,"rmse_vy":2.89400552077434,"rmse_x":0.160601815098436,"rmse_y":0.225960331549546}]
EKF: Prediction
EKF: Update
x_ = -6.65269
0.968008
-5.01533
 0.53872
P_ =  0.00368601 0.000421119  0.00681326  0.00203064
0.000421119  0.00674074   0.0019093   0.0203035
 0.00681326   0.0019093   0.0655201  0.00989573
 0.00203064   0.0203035  0.00989573    0.131957
42["estimate_marker",{"estimate_x":-6.65269455144174,"estimate_y":0.968008355199796,"rmse_vx":3.32675509551403,"rmse_vy":2.89627235764925,"rmse_x":0.16199595912648,"rmse_y":0.226259264230882}]
EKF: Prediction
EKF: Update
x_ = -6.89301
0.994711
-5.01032
0.542168
P_ =  0.00376862 0.000522403   0.0053842  0.00255844
0.000522403  0.00753393  0.00241163   0.0226346
  0.0053842  0.00241163   0.0457573   0.0135492
 0.00255844   0.0226346   0.0135492    0.139371
42["estimate_marker",{"estimate_x":-6.89300547122748,"estimate_y":0.994710812295971,"rmse_vx":3.32854761716391,"rmse_vy":2.89956629652535,"rmse_x":0.16342276577019,"rmse_y":0.226982048235811}]
EKF: Prediction
EKF: Update
x_ = -7.13346
 1.08828
-4.98134
0.740437
P_ =  0.00369125 0.000463471  0.00682001  0.00208366
0.000463471  0.00698791  0.00196008   0.0207303
 0.00682001  0.00196008   0.0654922  0.00994047
 0.00208366   0.0207303  0.00994047    0.133778
42["estimate_marker",{"estimate_x":-7.13345775230291,"estimate_y":1.08828396589376,"rmse_vx":3.32997469089398,"rmse_vy":2.90029760103054,"rmse_x":0.164908811115901,"rmse_y":0.227108645150422}]
EKF: Prediction
EKF: Update
x_ = -7.38449
 1.07652
-4.92592
0.585568
P_ =  0.00378149 0.000599695  0.00543678  0.00275122
0.000599695  0.00790627   0.0026937   0.0234234
 0.00543678   0.0026937   0.0460205   0.0146538
 0.00275122   0.0234234   0.0146538    0.142049
42["estimate_marker",{"estimate_x":-7.38448519665527,"estimate_y":1.07651851699636,"rmse_vx":3.33077260167234,"rmse_vy":2.90524087941602,"rmse_x":0.167280316161589,"rmse_y":0.228052845662726}]
EKF: Prediction
EKF: Update
x_ = -7.61864
 1.12163
-4.90108
0.633959
P_ =  0.00370081 0.000515749  0.00685652  0.00219826
0.000515749  0.00719951  0.00213976   0.0210609
 0.00685652  0.00213976   0.0656653   0.0106356
 0.00219826   0.0210609   0.0106356    0.135109
42["estimate_marker",{"estimate_x":-7.61864059530621,"estimate_y":1.12163106639701,"rmse_vx":3.33138780946099,"rmse_vy":2.91037534824001,"rmse_x":0.169254451212871,"rmse_y":0.229108136853728}]
EKF: Prediction
EKF: Update
x_ = -7.83498
  1.1573
-4.83986
0.649669
P_ =  0.00379013 0.000657606  0.00544753  0.00285396
0.000657606  0.00824075  0.00276936   0.0241481
 0.00544753  0.00276936   0.0459939   0.0147557
 0.00285396   0.0241481   0.0147557    0.144604
42["estimate_marker",{"estimate_x":-7.83497589432669,"estimate_y":1.15730104664845,"rmse_vx":3.33159775796573,"rmse_vy":2.91678559793422,"rmse_x":0.169897070063661,"rmse_y":0.230975921855512}]
EKF: Prediction
EKF: Update
x_ = -8.06489
 1.18818
-4.81804
 0.64717
P_ =  0.00370513 0.000546878   0.0068561  0.00222394
0.000546878  0.00738617  0.00215387   0.0213681
  0.0068561  0.00215387   0.0656261   0.0106036
 0.00222394   0.0213681   0.0106036    0.136415
42["estimate_marker",{"estimate_x":-8.06489198503875,"estimate_y":1.18818237308063,"rmse_vx":3.33174149062991,"rmse_vy":2.92534132182638,"rmse_x":0.170236879994027,"rmse_y":0.234499536834537}]
EKF: Prediction
EKF: Update
x_ = -8.29812
 1.29669
-4.85548
0.878117
P_ =  0.00379691 0.000704529  0.00545882  0.00293213
0.000704529  0.00853086  0.00285652   0.0247593
 0.00545882  0.00285652   0.0460252   0.0150178
 0.00293213   0.0247593   0.0150178    0.146702
42["estimate_marker",{"estimate_x":-8.29812485108667,"estimate_y":1.29668857126561,"rmse_vx":3.33218907480112,"rmse_vy":2.92858777118526,"rmse_x":0.170455850251112,"rmse_y":0.234937320639931}]
EKF: Prediction
EKF: Update
x_ = -8.53052
 1.32957
 -4.8382
0.848372
P_ =  0.00370861 0.000571992  0.00685909  0.00224576
0.000571992   0.0075435  0.00218639   0.0216145
 0.00685909  0.00218639   0.0656376   0.0107217
 0.00224576   0.0216145   0.0107217    0.137462
42["estimate_marker",{"estimate_x":-8.53052280904258,"estimate_y":1.32956566492015,"rmse_vx":3.3325862451823,"rmse_vy":2.93431159428008,"rmse_x":0.170574702126499,"rmse_y":0.236540405066606}]
EKF: Prediction
EKF: Update
x_ = -8.73947
 1.36019
-4.49358
0.774599
P_ =  0.00380863 0.000764515  0.00551119  0.00309429
0.000764515  0.00878935  0.00311896   0.0252782
 0.00551119  0.00311896   0.0463231   0.0161307
 0.00309429   0.0252782   0.0161307    0.148335
42["estimate_marker",{"estimate_x":-8.73946688564606,"estimate_y":1.36019430747376,"rmse_vx":3.33456401819648,"rmse_vy":2.94504603908914,"rmse_x":0.170732833322433,"rmse_y":0.240472312510833}]
EKF: Prediction
EKF: Update
x_ = -8.96056
 1.46142
-4.47696
0.951823
P_ =  0.00371747 0.000612594  0.00689679  0.00235084
0.000612594  0.00767828  0.00235747   0.0218019
 0.00689679  0.00235747   0.0658401   0.0114504
 0.00235084   0.0218019   0.0114504    0.138202
42["estimate_marker",{"estimate_x":-8.96056243474129,"estimate_y":1.46142184118846,"rmse_vx":3.33659961871366,"rmse_vy":2.95145670838955,"rmse_x":0.171361396880231,"rmse_y":0.241810465688418}]
EKF: Prediction
EKF: Update
x_ = -9.19879
 1.48674
 -4.7312
0.923575
P_ =  0.00382474 0.000834033  0.00558045  0.00330173
0.000834033  0.00900597  0.00341474   0.0256919
 0.00558045  0.00341474   0.0466762   0.0173402
 0.00330173   0.0256919   0.0173402    0.149608
42["estimate_marker",{"estimate_x":-9.19879499291547,"estimate_y":1.48673865127484,"rmse_vx":3.33664715587922,"rmse_vy":2.9612811620202,"rmse_x":0.171858911613974,"rmse_y":0.246346378192366}]
EKF: Prediction
EKF: Update
x_ = -9.45785
 1.50131
-4.77786
0.831151
P_ =  0.00372972 0.000660769  0.00694586    0.002487
0.000660769  0.00778718  0.00255091   0.0219369
 0.00694586  0.00255091   0.0660739   0.0122287
   0.002487   0.0219369   0.0122287    0.138757
42["estimate_marker",{"estimate_x":-9.4578530190176,"estimate_y":1.50130643230489,"rmse_vx":3.3370068187071,"rmse_vy":2.97855729448717,"rmse_x":0.171860251713655,"rmse_y":0.257722886108867}]
EKF: Prediction
EKF: Update
x_ = -9.70955
 1.49866
-4.90623
0.719665
P_ =  0.00383447 0.000882469  0.00559009  0.00340454
0.000882469  0.00921993  0.00344764   0.0261625
 0.00559009  0.00344764   0.0466316   0.0173379
 0.00340454   0.0261625   0.0173379    0.151237
42["estimate_marker",{"estimate_x":-9.70955059407219,"estimate_y":1.49866152859227,"rmse_vx":3.3392254757983,"rmse_vy":3.00661770401761,"rmse_x":0.17206713029479,"rmse_y":0.28208176967145}]
EKF: Prediction
EKF: Update
x_ = -9.98422
 1.64364
-4.94217
 1.01865
P_ =  0.00373456 0.000685391  0.00694453  0.00251802
0.000685391  0.00789753  0.00254168    0.022122
 0.00694453  0.00254168   0.0660257   0.0121463
 0.00251802    0.022122   0.0121463    0.139548
42["estimate_marker",{"estimate_x":-9.98421816075049,"estimate_y":1.64363831962982,"rmse_vx":3.34254363476977,"rmse_vy":3.02102104774568,"rmse_x":0.174574126346744,"rmse_y":0.293621065715684}]
EKF: Prediction
EKF: Update
x_ = -10.2038
 1.77279
-4.78823
 1.22785
P_ =  0.00384683 0.000937585  0.00563247  0.00354686
0.000937585  0.00942314  0.00363297   0.0265859
 0.00563247  0.00363297   0.0468419   0.0180832
 0.00354686   0.0265859   0.0180832    0.152515
42["estimate_marker",{"estimate_x":-10.2038286631335,"estimate_y":1.77278861223268,"rmse_vx":3.34354630480673,"rmse_vy":3.02938475367588,"rmse_x":0.176143949432991,"rmse_y":0.299290976487739}]
EKF: Prediction
EKF: Update
x_ = -10.4007
 1.87328
-4.70389
 1.34304
P_ =   0.0037429 0.000719557  0.00697182  0.00259851
0.000719557  0.00799863  0.00265119   0.0222698
 0.00697182  0.00265119    0.066162   0.0126066
 0.00259851   0.0222698   0.0126066    0.140083
42["estimate_marker",{"estimate_x":-10.4007275798828,"estimate_y":1.87328492931134,"rmse_vx":3.34392628681739,"rmse_vy":3.03616746706072,"rmse_x":0.176268075387264,"rmse_y":0.303529475935461}]
EKF: Prediction
EKF: Update
x_ = -10.6589
 1.96502
-4.87936
  1.4336
P_ = 0.00387036 0.00101991 0.00574644 0.00381744
0.00101991 0.00957887 0.00406124  0.0268355
0.00574644 0.00406124  0.0474717  0.0199234
0.00381744  0.0268355  0.0199234   0.153029
42["estimate_marker",{"estimate_x":-10.6589268045385,"estimate_y":1.96501504078173,"rmse_vx":3.34727256420118,"rmse_vy":3.04233075438542,"rmse_x":0.177516163053149,"rmse_y":0.307503518469493}]
EKF: Prediction
EKF: Update
x_ = -10.8952
 2.01739
-4.86883
 1.38188
P_ =  0.00376167 0.000780066   0.0070556   0.0027937
0.000780066  0.00806868  0.00294276   0.0223136
  0.0070556  0.00294276   0.0665876   0.0138298
  0.0027937   0.0223136   0.0138298    0.140172
42["estimate_marker",{"estimate_x":-10.8951936019911,"estimate_y":2.0173949310682,"rmse_vx":3.35093694575233,"rmse_vy":3.05307706848914,"rmse_x":0.17926750564398,"rmse_y":0.315259128038569}]
EKF: Prediction
EKF: Update
x_ = -11.1205
 2.11001
-4.81572
 1.44758
P_ = 0.00389418 0.00109976 0.00582941 0.00406081
0.00109976 0.00972512 0.00431938  0.0271099
0.00582941 0.00431938   0.047827  0.0209494
0.00406081  0.0271099  0.0209494   0.153808
42["estimate_marker",{"estimate_x":-11.1204513588564,"estimate_y":2.11001335375287,"rmse_vx":3.35399766505233,"rmse_vy":3.06413562469317,"rmse_x":0.180883640207729,"rmse_y":0.323250745324475}]
EKF: Prediction
EKF: Update
x_ = -11.3041
 2.27076
 -4.6936
 1.69921
P_ =  0.00377836 0.000832449  0.00710975  0.00294212
0.000832449  0.00813571  0.00310131   0.0223871
 0.00710975  0.00310131   0.0668118    0.014461
 0.00294212   0.0223871    0.014461    0.140454
42["estimate_marker",{"estimate_x":-11.3041126967979,"estimate_y":2.27075729444777,"rmse_vx":3.35537730209631,"rmse_vy":3.06894462651659,"rmse_x":0.180910309474768,"rmse_y":0.325861496533363}]
EKF: Prediction
EKF: Update
x_ = -11.5447
 2.35392
-4.71301
 1.69487
P_ = 0.00392806 0.00119901 0.00597299 0.00438289
0.00119901 0.00983442 0.00475437  0.0272538
0.00597299 0.00475437  0.0485575  0.0227936
0.00438289  0.0272538  0.0227936   0.153981
42["estimate_marker",{"estimate_x":-11.5446867279011,"estimate_y":2.35392364990738,"rmse_vx":3.35755204398668,"rmse_vy":3.07624512130644,"rmse_x":0.181262448061722,"rmse_y":0.329917433754717}]
EKF: Prediction
EKF: Update
x_ = -11.7781
 2.50288
 -4.6954
 1.86969
P_ = 0.00380406 0.00090312 0.00721136 0.00316333
0.00090312 0.00817925 0.00339166  0.0223831
0.00721136 0.00339166  0.0672962    0.01567
0.00316333  0.0223831    0.01567   0.140374
42["estimate_marker",{"estimate_x":-11.7781305893366,"estimate_y":2.50288256041313,"rmse_vx":3.35998565067241,"rmse_vy":3.08054491486435,"rmse_x":0.182026958325795,"rmse_y":0.331369608020254}]
EKF: Prediction
EKF: Update
x_ = -12.0325
  2.6243
-4.82674
 1.96519
P_ = 0.00396676 0.00130407 0.00611878 0.00471474
0.00130407 0.00993165 0.00513984  0.0273912
0.00611878 0.00513984  0.0492368  0.0243972
0.00471474  0.0273912  0.0243972   0.154195
42["estimate_marker",{"estimate_x":-12.0324912189824,"estimate_y":2.62429936448084,"rmse_vx":3.36656170885456,"rmse_vy":3.08437359699396,"rmse_x":0.185056028582925,"rmse_y":0.332395917314418}]
EKF: Prediction
EKF: Update
x_ = -12.2751
 2.75957
-4.82076
 2.06491
P_ =  0.00383211 0.000975002  0.00731031  0.00337843
0.000975002   0.0082167  0.00364102   0.0223824
 0.00731031  0.00364102    0.067737   0.0166979
 0.00337843   0.0223824   0.0166979    0.140327
42["estimate_marker",{"estimate_x":-12.2750646662536,"estimate_y":2.75956622966048,"rmse_vx":3.37407897190271,"rmse_vy":3.08767759280229,"rmse_x":0.190444642673054,"rmse_y":0.332791765204459}]
EKF: Prediction
EKF: Update
x_ = -12.5128
 2.83408
-4.72931
 1.96518
P_ = 0.00400908  0.0014114  0.0062701 0.00504578
 0.0014114    0.01002 0.00550488  0.0275162
 0.0062701 0.00550488  0.0499327  0.0259359
0.00504578  0.0275162  0.0259359   0.154353
42["estimate_marker",{"estimate_x":-12.5128192913451,"estimate_y":2.83408129919969,"rmse_vx":3.37989253459381,"rmse_vy":3.0963811002588,"rmse_x":0.198257960939558,"rmse_y":0.335032587133907}]
EKF: Prediction
EKF: Update
x_ = -12.7218
 3.00684
-4.66092
  2.1709
P_ = 0.00386212 0.00104694 0.00741139 0.00358825
0.00104694 0.00824921 0.00387387  0.0223771
0.00741139 0.00387387  0.0681886  0.0176836
0.00358825  0.0223771  0.0176836   0.140241
42["estimate_marker",{"estimate_x":-12.7218318677053,"estimate_y":3.00684383186162,"rmse_vx":3.38488491325659,"rmse_vy":3.10097616190972,"rmse_x":0.204917286782048,"rmse_y":0.335324681689458}]
EKF: Prediction
EKF: Update
x_ = -12.9453
 3.12923
-4.61304
 2.20385
P_ = 0.00405286 0.00151503 0.00642017  0.0053579
0.00151503  0.0100919 0.00583741   0.027605
0.00642017 0.00583741  0.0506158  0.0273535
 0.0053579   0.027605  0.0273535   0.154399
42["estimate_marker",{"estimate_x":-12.9453208813924,"estimate_y":3.12922925631577,"rmse_vx":3.38970451685671,"rmse_vy":3.10692227639387,"rmse_x":0.212646425152534,"rmse_y":0.335729175307451}]
EKF: Prediction
EKF: Update
x_ = -13.1384
 3.31617
-4.52456
 2.41685
P_ = 0.00389266 0.00111541 0.00751037 0.00378292
0.00111541 0.00827328 0.00408415  0.0223582
0.00751037 0.00408415  0.0686324  0.0185943
0.00378292  0.0223582  0.0185943   0.140107
42["estimate_marker",{"estimate_x":-13.1384191857127,"estimate_y":3.31617246607901,"rmse_vx":3.3934033909089,"rmse_vy":3.10946324072089,"rmse_x":0.217921825213281,"rmse_y":0.335920004783188}]
EKF: Prediction
EKF: Update
x_ = -13.3284
 3.41865
-4.39156
 2.35636
P_ = 0.00410401 0.00162553 0.00661191 0.00569902
0.00162553   0.010141 0.00624833  0.0276139
0.00661191 0.00624833  0.0515492  0.0291274
0.00569902  0.0276139  0.0291274   0.154075
42["estimate_marker",{"estimate_x":-13.3284395166804,"estimate_y":3.41865484078302,"rmse_vx":3.39534964732646,"rmse_vy":3.11564338549193,"rmse_x":0.221230723572515,"rmse_y":0.335958908145746}]
EKF: Prediction
EKF: Update
x_ = -13.5097
 3.56048
-4.31387
 2.42841
P_ = 0.00392946  0.0011908 0.00764101 0.00400681
 0.0011908 0.00828324 0.00435215  0.0222924
0.00764101 0.00435215  0.0692472  0.0197571
0.00400681  0.0222924  0.0197571   0.139752
42["estimate_marker",{"estimate_x":-13.5097033361071,"estimate_y":3.56048058313838,"rmse_vx":3.3968299240237,"rmse_vy":3.12208599282273,"rmse_x":0.222678578694962,"rmse_y":0.335981482513159}]
EKF: Prediction
EKF: Update
x_ = -13.7392
  3.7201
-4.35287
  2.5346
P_ = 0.00415407 0.00172709  0.0067781 0.00600502
0.00172709  0.0101776  0.0065577  0.0276222
 0.0067781  0.0065577   0.052295   0.030476
0.00600502  0.0276222   0.030476   0.153874
42["estimate_marker",{"estimate_x":-13.7392333930354,"estimate_y":3.7201034293571,"rmse_vx":3.39992687856748,"rmse_vy":3.12772968815504,"rmse_x":0.22589208958861,"rmse_y":0.336007817252099}]
EKF: Prediction
EKF: Update
x_ = -13.9434
  3.8268
-4.33286
 2.48448
P_ =   0.003964 0.00125755 0.00774976 0.00419713
0.00125755 0.00828885 0.00454792  0.0222403
0.00774976 0.00454792  0.0697326  0.0206307
0.00419713  0.0222403  0.0206307   0.139505
42["estimate_marker",{"estimate_x":-13.9433506991284,"estimate_y":3.82680486214652,"rmse_vx":3.40376335427068,"rmse_vy":3.13797392781862,"rmse_x":0.229263937676046,"rmse_y":0.336396795695807}]
EKF: Prediction
EKF: Update
x_ = -14.1361
 3.98206
-4.18718
 2.54653
P_ = 0.00420192 0.00182006 0.00692858 0.00628049
0.00182006   0.010213 0.00681809  0.0276459
0.00692858 0.00681809   0.052969  0.0316499
0.00628049  0.0276459  0.0316499   0.153739
42["estimate_marker",{"estimate_x":-14.1360744716137,"estimate_y":3.98205990257403,"rmse_vx":3.40575262123813,"rmse_vy":3.148959442418,"rmse_x":0.232078932282337,"rmse_y":0.336700605880345}]
EKF: Prediction
EKF: Update
x_ = -14.3234
 4.14737
-4.13554
 2.65176
P_ = 0.00399632 0.00131733 0.00784677 0.00436481
0.00131733 0.00829511 0.00470988  0.0222014
0.00784677 0.00470988  0.0701744  0.0213939
0.00436481  0.0222014  0.0213939   0.139295
42["estimate_marker",{"estimate_x":-14.3233551044806,"estimate_y":4.14737198226969,"rmse_vx":3.40784581278524,"rmse_vy":3.1589182631765,"rmse_x":0.23421739244846,"rmse_y":0.336832468322655}]
EKF: Prediction
EKF: Update
x_ = -14.5483
 4.29859
-4.11721
  2.6827
P_ = 0.00425528 0.00191627 0.00712012 0.00657438
0.00191627  0.0102327 0.00715631  0.0276024
0.00712012 0.00715631  0.0539054  0.0331581
0.00657438  0.0276024  0.0331581   0.153254
42["estimate_marker",{"estimate_x":-14.5483420894418,"estimate_y":4.29858775900579,"rmse_vx":3.41073435067647,"rmse_vy":3.17091066979628,"rmse_x":0.238969772515736,"rmse_y":0.337107362294483}]
EKF: Prediction
EKF: Update
x_ = -14.7274
 4.51296
-4.04426
 2.89984
P_ = 0.00403393 0.00138184 0.00797596   0.004556
0.00138184 0.00829103  0.0049289  0.0221199
0.00797596  0.0049289  0.0707957  0.0223914
  0.004556  0.0221199  0.0223914   0.138865
42["estimate_marker",{"estimate_x":-14.7274064712983,"estimate_y":4.51296174571527,"rmse_vx":3.41341181465787,"rmse_vy":3.17767096286571,"rmse_x":0.242615774212247,"rmse_y":0.337312629554747}]
EKF: Prediction
EKF: Update
x_ = -14.9251
 4.66123
-3.98833
 2.89455
P_ = 0.00431808 0.00202127 0.00735658 0.00690294
0.00202127  0.0102381 0.00755421   0.027505
0.00735658 0.00755421  0.0550621  0.0348898
0.00690294   0.027505  0.0348898   0.152519
42["estimate_marker",{"estimate_x":-14.9251409051603,"estimate_y":4.66122759784069,"rmse_vx":3.41627139553818,"rmse_vy":3.18747819677966,"rmse_x":0.247177911136771,"rmse_y":0.337319065530186}]
EKF: Prediction
EKF: Update
x_ = -15.0696
 4.84321
 -3.8734
 3.00511
P_ = 0.00407889 0.00145348  0.0081368 0.00477402
0.00145348 0.00827735 0.00518846  0.0220039
 0.0081368 0.00518846  0.0715584  0.0235318
0.00477402  0.0220039  0.0235318   0.138277
42["estimate_marker",{"estimate_x":-15.0695565311141,"estimate_y":4.84320612239088,"rmse_vx":3.41824317500961,"rmse_vy":3.19608401421129,"rmse_x":0.248717171184322,"rmse_y":0.337397141429533}]
EKF: Prediction
EKF: Update
x_ = -15.2488
 4.97849
-3.79077
 2.94883
P_ = 0.00438494 0.00212576 0.00759335 0.00722829
0.00212576  0.0102324 0.00791065  0.0273932
0.00759335 0.00791065  0.0561661  0.0364427
0.00722829  0.0273932  0.0364427   0.151796
42["estimate_marker",{"estimate_x":-15.2488085697812,"estimate_y":4.97849358405601,"rmse_vx":3.42000728648076,"rmse_vy":3.21032554568195,"rmse_x":0.250195098390306,"rmse_y":0.337643402158699}]
EKF: Prediction
EKF: Update
x_ =  -15.428
 5.20169
-3.74793
  3.1487
P_ = 0.00412577 0.00152352 0.00829466 0.00498401
0.00152352 0.00825834 0.00541808  0.0218862
0.00829466 0.00541808  0.0722805  0.0245468
0.00498401  0.0218862  0.0245468   0.137716
42["estimate_marker",{"estimate_x":-15.4279862714274,"estimate_y":5.20168879789722,"rmse_vx":3.42228149462628,"rmse_vy":3.21938306952647,"rmse_x":0.251801049538368,"rmse_y":0.337761850009321}]
EKF: Prediction
EKF: Update
x_ = -15.5856
 5.37897
-3.52596
 3.15224
P_ = 0.00445602    0.00223 0.00784134 0.00755038
   0.00223  0.0102182 0.00825893  0.0272627
0.00784134 0.00825893  0.0573207  0.0379685
0.00755038  0.0272627  0.0379685   0.150997
42["estimate_marker",{"estimate_x":-15.5856290887576,"estimate_y":5.3789716541513,"rmse_vx":3.42266694156404,"rmse_vy":3.23139689892132,"rmse_x":0.25265577144427,"rmse_y":0.337812868750269}]
EKF: Prediction
EKF: Update
x_ = -15.7861
 5.50204
-3.58292
 3.05653
P_ = 0.00417533 0.00159304 0.00845936 0.00519077
0.00159304 0.00823468 0.00564198  0.0217592
0.00845936 0.00564198  0.0730366  0.0255456
0.00519077  0.0217592  0.0255456   0.137106
42["estimate_marker",{"estimate_x":-15.786084351607,"estimate_y":5.50204092224581,"rmse_vx":3.42472566787003,"rmse_vy":3.25190538368357,"rmse_x":0.255263272632839,"rmse_y":0.338830416446111}]
EKF: Prediction
EKF: Update
x_ = -15.9587
 5.63395
-3.58549
 3.00637
P_ = 0.00452081 0.00232133 0.00803797 0.00782663
0.00232133   0.010208 0.00849559  0.0271821
0.00803797 0.00849559  0.0581734   0.039063
0.00782663  0.0271821   0.039063   0.150493
42["estimate_marker",{"estimate_x":-15.9587137952865,"estimate_y":5.63395439128788,"rmse_vx":3.42846949151511,"rmse_vy":3.27990274809334,"rmse_x":0.258394857158141,"rmse_y":0.343399680438923}]
EKF: Prediction
EKF: Update
x_ = -16.0836
 5.84933
-3.46083
 3.18862
P_ = 0.00421848 0.00165126 0.00858449 0.00535779
0.00165126 0.00821632 0.00578852  0.0216723
0.00858449 0.00578852  0.0735942   0.026258
0.00535779  0.0216723   0.026258   0.136692
42["estimate_marker",{"estimate_x":-16.0836300950767,"estimate_y":5.84933416291909,"rmse_vx":3.43129813095339,"rmse_vy":3.30114434549136,"rmse_x":0.259330978341205,"rmse_y":0.346410510830231}]
EKF: Prediction
EKF: Update
x_ = -16.2507
 5.99676
-3.35415
 3.12088
P_ = 0.00458796 0.00241011 0.00826395   0.008095
0.00241011  0.0101875 0.00877832    0.02705
0.00826395 0.00877832  0.0592466  0.0403481
  0.008095    0.02705  0.0403481   0.149696
42["estimate_marker",{"estimate_x":-16.2507111346294,"estimate_y":5.99676348011582,"rmse_vx":3.43371008243898,"rmse_vy":3.33094351147233,"rmse_x":0.260743642326144,"rmse_y":0.35364151108319}]
EKF: Prediction
EKF: Update
x_ = -16.3745
 6.27558
-3.22965
 3.44873
P_ = 0.00426465 0.00170966 0.00873402 0.00552883
0.00170966 0.00819107  0.0059698  0.0215518
0.00873402  0.0059698   0.074306  0.0271105
0.00552883  0.0215518  0.0271105   0.136093
42["estimate_marker",{"estimate_x":-16.3745185639203,"estimate_y":6.27558020326976,"rmse_vx":3.4354853787323,"rmse_vy":3.34597293844454,"rmse_x":0.261053196545036,"rmse_y":0.355163953185639}]
EKF: Prediction
EKF: Update
x_ = -16.5187
 6.39917
-3.11059
 3.28487
P_ = 0.00466789 0.00250763 0.00856496 0.00839562
0.00250763  0.0101477 0.00915694  0.0268258
0.00856496 0.00915694  0.0607337  0.0419941
0.00839562  0.0268258  0.0419941   0.148436
42["estimate_marker",{"estimate_x":-16.5187433043723,"estimate_y":6.39917307616097,"rmse_vx":3.43683105851622,"rmse_vy":3.37402358767881,"rmse_x":0.261275333289827,"rmse_y":0.362781685216944}]
EKF: Prediction
EKF: Update
x_ = -16.6706
 6.61809
-3.08471
 3.42594
P_ = 0.00432174 0.00177645 0.00893895 0.00573105
0.00177645 0.00815186 0.00621791  0.0213695
0.00893895 0.00621791  0.0752903  0.0282047
0.00573105  0.0213695  0.0282047   0.135201
42["estimate_marker",{"estimate_x":-16.6705655097192,"estimate_y":6.61808729261438,"rmse_vx":3.43927920022879,"rmse_vy":3.39745561970129,"rmse_x":0.261701731200432,"rmse_y":0.369313508281212}]
EKF: Prediction
EKF: Update
x_ = -16.8326
 6.80897
-3.12553
 3.48806
P_ = 0.00474631 0.00259895 0.00882391 0.00867788
0.00259895  0.0101095 0.00943405   0.026652
0.00882391 0.00943405  0.0618998   0.043233
0.00867788   0.026652   0.043233   0.147531
42["estimate_marker",{"estimate_x":-16.8326200168934,"estimate_y":6.8089700480559,"rmse_vx":3.4449696570774,"rmse_vy":3.42105966344367,"rmse_x":0.263046108675223,"rmse_y":0.377894788570317}]
EKF: Prediction
EKF: Update
x_ = -17.0242
 7.07889
 -3.1603
 3.72199
P_ =  0.0043753 0.00183629 0.00910793 0.00590862
0.00183629 0.00811643 0.00639414  0.0212284
0.00910793 0.00639414  0.0760521   0.029015
0.00590862  0.0212284   0.029015   0.134548
42["estimate_marker",{"estimate_x":-17.0241514547569,"estimate_y":7.07888599896029,"rmse_vx":3.45509468089237,"rmse_vy":3.435738443687,"rmse_x":0.268801414961637,"rmse_y":0.381615882330696}]
EKF: Prediction
EKF: Update
x_ = -17.1476
  7.2733
-2.90526
 3.67298
P_ = 0.00483301 0.00269409 0.00913017 0.00896941
0.00269409  0.0100634 0.00976378  0.0264309
0.00913017 0.00976378  0.0633582    0.04468
0.00896941  0.0264309    0.04468   0.146321
42["estimate_marker",{"estimate_x":-17.147593938178,"estimate_y":7.27329687186473,"rmse_vx":3.46015257238933,"rmse_vy":3.45602315944673,"rmse_x":0.273889409616302,"rmse_y":0.387218529641232}]
EKF: Prediction
EKF: Update
x_ = -17.2333
 7.57715
-2.74614
 3.99534
P_ = 0.00443571 0.00189973  0.0093122  0.0060979
0.00189973 0.00807427 0.00660645  0.0210513
 0.0093122 0.00660645  0.0770127  0.0299692
 0.0060979  0.0210513  0.0299692   0.133684
42["estimate_marker",{"estimate_x":-17.233329522653,"estimate_y":7.57714638464305,"rmse_vx":3.46379828305063,"rmse_vy":3.46461746074611,"rmse_x":0.275920191206195,"rmse_y":0.388022267781883}]
EKF: Prediction
EKF: Update
x_ = -17.3728
 7.75912
-2.77951
 3.95947
P_ = 0.00493762 0.00279837 0.00952979 0.00928767
0.00279837 0.00998987  0.0101816  0.0260871
0.00952979  0.0101816  0.0653159  0.0464466
0.00928767  0.0260871  0.0464466    0.14452
42["estimate_marker",{"estimate_x":-17.3727660211684,"estimate_y":7.75912083839906,"rmse_vx":3.471305269659,"rmse_vy":3.47689739331927,"rmse_x":0.279372329911341,"rmse_y":0.390829561059092}]
EKF: Prediction
EKF: Update
x_ = -17.4937
 7.92113
-2.75776
 3.87413
P_ = 0.00451076 0.00197162 0.00958439 0.00631401
0.00197162 0.00801287 0.00688038  0.0207942
0.00958439 0.00688038  0.0783021  0.0311421
0.00631401  0.0207942  0.0311421   0.132455
42["estimate_marker",{"estimate_x":-17.4937448070724,"estimate_y":7.92113405461319,"rmse_vx":3.48187194903987,"rmse_vy":3.49586788693721,"rmse_x":0.283393807545983,"rmse_y":0.398937829059176}]
EKF: Prediction
EKF: Update
x_ = -17.6041
   8.137
-2.58784
 3.88857
P_ = 0.00503212 0.00288924 0.00981821 0.00956996
0.00288924 0.00993067  0.0104131  0.0258777
0.00981821  0.0104131  0.0665364  0.0475203
0.00956996  0.0258777  0.0475203   0.143542
42["estimate_marker",{"estimate_x":-17.6041115103064,"estimate_y":8.13699546996104,"rmse_vx":3.49020167126569,"rmse_vy":3.51694118513401,"rmse_x":0.287557301748217,"rmse_y":0.408482511056606}]
EKF: Prediction
EKF: Update
x_ = -17.7389
 8.38795
-2.57702
 4.02903
P_ =  0.0045737 0.00202971 0.00976743 0.00648505
0.00202971 0.00796585 0.00702477  0.0206379
0.00976743 0.00702477   0.079093  0.0318387
0.00648505  0.0206379  0.0318387   0.131764
42["estimate_marker",{"estimate_x":-17.7389485295117,"estimate_y":8.38795425448599,"rmse_vx":3.50236015520347,"rmse_vy":3.53343038383249,"rmse_x":0.294795420167819,"rmse_y":0.416121640927018}]
EKF: Prediction
EKF: Update
x_ = -17.8249
 8.55602
-2.31415
 3.86286
P_ = 0.00513095 0.00297785  0.0101511  0.0098363
0.00297785 0.00986303  0.0106958  0.0256086
 0.0101511  0.0106958  0.0681038  0.0487909
 0.0098363  0.0256086  0.0487909   0.142156
42["estimate_marker",{"estimate_x":-17.8249431842258,"estimate_y":8.55602467234765,"rmse_vx":3.50908984325942,"rmse_vy":3.561916671275,"rmse_x":0.300744323696927,"rmse_y":0.431376317292612}]
EKF: Prediction
EKF: Update
x_ = -17.8761
 8.88002
-2.13569
 4.21014
P_ = 0.00464155 0.00208798 0.00998724  0.0066552
0.00208798 0.00791181 0.00720628  0.0204377
0.00998724 0.00720628  0.0801299  0.0326834
 0.0066552  0.0204377  0.0326834   0.130796
42["estimate_marker",{"estimate_x":-17.8761288584267,"estimate_y":8.88002365038706,"rmse_vx":3.51402140276501,"rmse_vy":3.57454403571822,"rmse_x":0.303335552285238,"rmse_y":0.437232784181039}]
EKF: Prediction
EKF: Update
x_ = -17.9547
  9.0983
-1.87599
 4.13405
P_ =  0.0052437 0.00306968  0.0105648   0.010108
0.00306968 0.00977307  0.0110437   0.025234
 0.0105648  0.0110437   0.070117  0.0502762
  0.010108   0.025234  0.0502762   0.140253
